          10          10          10
   1.0000000000000001E-005
   1.0000000000000001E-005
   2.3231552321203212E-003
   1.0000000000000001E-005
   1.0000000000000001E-005
   1.0000000000000001E-005
   1.0000000000000001E-005
   2.3231561963554404E-003
   1.0000000000000001E-005
   1.0000000000000001E-005
   1.0000000000000001E-005
   1.0000000000000001E-005
   3.2736337767999286E-005
   1.0000000000000001E-005
   1.0000000000000001E-005
   1.0000000000000001E-005
   1.0000000000000001E-005
   3.2736343431291407E-005
   1.0000000000000001E-005
   1.0000000000000001E-005
   1.0000000000000001E-005
   1.0000000000000001E-005
   1.0212635623735509E-002
   2.3634023444033439E-002
   2.1300386012048068E-003
   1.0000000000000001E-005
   1.0000000000000001E-005
   1.0212633512617706E-002
   2.3634027526612682E-002
   2.1300449338709803E-003
   1.0000000000000001E-005
   1.0000000000000001E-005
   3.2754975450690740E-005
   1.0000000000000001E-005
   1.0000000000000001E-005
   1.0000000000000001E-005
   1.0000000000000001E-005
   3.2754981104264892E-005
   1.0000000000000001E-005
   1.0000000000000001E-005
   1.0000000000000001E-005
   1.0000000000000001E-005
   2.3257572345981741E-003
   1.0000000000000001E-005
   1.0000000000000001E-005
   1.0000000000000001E-005
   1.0000000000000001E-005
   2.3257582006513278E-003
   1.0000000000000001E-005
   1.0000000000000001E-005
   1.0000000000000001E-005
   1.0000000000000001E-005
   1.6716087316248382E-004
   1.0000000000000001E-005
   1.0000000000000001E-005
   1.0000000000000001E-005
   1.0000000000000001E-005
   1.6716006201624269E-004
   1.0000000000000001E-005
   1.0000000000000001E-005
   1.0000000000000001E-005
   1.0000000000000001E-005
   2.7586820927975240E-004
   1.0000000000000001E-005
   1.0000000000000001E-005
   1.0000000000000001E-005
   1.0000000000000001E-005
   2.7586840701679854E-004
   1.0000000000000001E-005
   1.0000000000000001E-005
   1.0000000000000001E-005
   2.6486522494288452E-003
   1.5910480156806999E-002
   1.0000000000000001E-005
   1.0000000000000001E-005
   1.0000000000000001E-005
   2.6486582487369246E-003
   1.5910483028363866E-002
   1.0000000000000001E-005
   1.0000000000000001E-005
   1.0000000000000001E-005
   1.0000000000000001E-005
   2.7589669632472805E-004
   1.0000000000000001E-005
   1.0000000000000001E-005
   1.0000000000000001E-005
   1.0000000000000001E-005
   2.7589689408944980E-004
   1.0000000000000001E-005
   1.0000000000000001E-005
   1.0000000000000001E-005
   1.0000000000000001E-005
   1.6702436184326715E-004
   1.0000000000000001E-005
   1.0000000000000001E-005
   1.0000000000000001E-005
   1.0000000000000001E-005
   1.6702355121743756E-004
   1.0000000000000001E-005
   1.0000000000000001E-005
   1.0000000000000001E-005
   1.0000000000000001E-005
   1.0000000000000001E-005
   1.0000000000000001E-005
   1.0000000000000001E-005
   1.0000000000000001E-005
   1.0000000000000001E-005
   1.0000000000000001E-005
   1.0000000000000001E-005
   1.0000000000000001E-005
   1.0000000000000001E-005
   1.0000000000000001E-005
   1.0000000000000001E-005
   1.0000000000000001E-005
   1.0000000000000001E-005
   1.0000000000000001E-005
   1.0000000000000001E-005
   1.0000000000000001E-005
   1.0000000000000001E-005
   1.0000000000000001E-005
   1.0000000000000001E-005
   1.0000000000000001E-005
   1.0000000000000001E-005
   1.0000000000000001E-005
   3.9169778269903172E-002
   1.0000000000000001E-005
   1.0000000000000001E-005
   1.0000000000000001E-005
   1.0000000000000001E-005
   3.9169745280359630E-002
   1.0000000000000001E-005
   1.0000000000000001E-005
   1.0000000000000001E-005
   1.0000000000000001E-005
   1.0000000000000001E-005
   1.0000000000000001E-005
   1.0000000000000001E-005
   1.0000000000000001E-005
   1.0000000000000001E-005
   1.0000000000000001E-005
   1.0000000000000001E-005
   1.0000000000000001E-005
   1.0000000000000001E-005
   1.0000000000000001E-005
   1.0000000000000001E-005
   1.0000000000000001E-005
   1.0000000000000001E-005
   1.0000000000000001E-005
   1.0000000000000001E-005
   1.0000000000000001E-005
   1.0000000000000001E-005
   1.0000000000000001E-005
   1.0000000000000001E-005
   1.0000000000000001E-005
   1.0000000000000001E-005
   1.0000000000000001E-005
   1.0000000000000001E-005
   1.0000000000000001E-005
   1.0000000000000001E-005
   1.0000000000000001E-005
   1.0000000000000001E-005
   1.0000000000000001E-005
   1.0000000000000001E-005
   1.0000000000000001E-005
   1.0000000000000001E-005
   1.0000000000000001E-005
   1.0000000000000001E-005
   1.0000000000000001E-005
   1.0000000000000001E-005
   1.0000000000000001E-005
   1.0000000000000001E-005
   6.3425418265072369E-003
   1.0000000000000001E-005
   1.0000000000000001E-005
   1.0000000000000001E-005
   1.0000000000000001E-005
   6.3425917128696113E-003
   1.0000000000000001E-005
   1.0000000000000001E-005
   1.0000000000000001E-005
   1.0000000000000001E-005
   1.0000000000000001E-005
   1.0000000000000001E-005
   1.0000000000000001E-005
   1.0000000000000001E-005
   1.0000000000000001E-005
   1.0000000000000001E-005
   1.0000000000000001E-005
   1.0000000000000001E-005
   1.0000000000000001E-005
   1.0000000000000001E-005
   1.0000000000000001E-005
   1.0000000000000001E-005
   1.0000000000000001E-005
   1.0000000000000001E-005
   1.0000000000000001E-005
   1.0000000000000001E-005
   1.0000000000000001E-005
   1.0000000000000001E-005
   1.0000000000000001E-005
   1.0000000000000001E-005
   1.0000000000000001E-005
   1.0000000000000001E-005
   1.0000000000000001E-005
   1.0000000000000001E-005
   1.0000000000000001E-005
   1.0000000000000001E-005
   1.0000000000000001E-005
   1.0000000000000001E-005
   1.0000000000000001E-005
   1.0000000000000001E-005
   1.0000000000000001E-005
   1.0000000000000001E-005
   1.0000000000000001E-005
   1.0000000000000001E-005
   1.0000000000000001E-005
   1.0000000000000001E-005
   1.0000000000000001E-005
   1.0000000000000001E-005
   1.0000000000000001E-005
   1.0000000000000001E-005
   1.0000000000000001E-005
   1.0000000000000001E-005
   1.0000000000000001E-005
   4.0297547967762332E-002
   1.0000000000000001E-005
   1.0000000000000001E-005
   1.0000000000000001E-005
   1.0000000000000001E-005
   4.0297684988474435E-002
   1.0000000000000001E-005
   1.0000000000000001E-005
   1.0000000000000001E-005
   1.0000000000000001E-005
   1.0000000000000001E-005
   1.0000000000000001E-005
   1.0000000000000001E-005
   1.0000000000000001E-005
   1.0000000000000001E-005
   1.0000000000000001E-005
   1.0000000000000001E-005
   1.0000000000000001E-005
   1.0000000000000001E-005
   1.0000000000000001E-005
   1.0000000000000001E-005
   1.0000000000000001E-005
   1.0000000000000001E-005
   1.0000000000000001E-005
   1.0000000000000001E-005
   1.0000000000000001E-005
   1.0000000000000001E-005
   1.0000000000000001E-005
   1.0000000000000001E-005
   1.0000000000000001E-005
   1.0000000000000001E-005
   1.0000000000000001E-005
   1.0000000000000001E-005
   1.0000000000000001E-005
   1.0000000000000001E-005
   1.0000000000000001E-005
   1.0000000000000001E-005
   1.0000000000000001E-005
   1.0000000000000001E-005
   1.0000000000000001E-005
   1.0000000000000001E-005
   1.0000000000000001E-005
   1.0000000000000001E-005
   1.0000000000000001E-005
   1.0000000000000001E-005
   1.0000000000000001E-005
   1.0000000000000001E-005
   5.5912310633199937E-003
   1.0000000000000001E-005
   1.0000000000000001E-005
   1.0000000000000001E-005
   1.0000000000000001E-005
   5.5912766085903214E-003
   1.0000000000000001E-005
   1.0000000000000001E-005
   1.0000000000000001E-005
   1.0000000000000001E-005
   1.0000000000000001E-005
   1.0000000000000001E-005
   1.0000000000000001E-005
   1.0000000000000001E-005
   1.0000000000000001E-005
   1.0000000000000001E-005
   1.0000000000000001E-005
   1.0000000000000001E-005
   1.0000000000000001E-005
   1.0000000000000001E-005
   1.0000000000000001E-005
   1.0000000000000001E-005
   1.0000000000000001E-005
   1.0000000000000001E-005
   1.0000000000000001E-005
   1.0000000000000001E-005
   1.0000000000000001E-005
   1.0000000000000001E-005
   1.0000000000000001E-005
   1.0000000000000001E-005
   1.0000000000000001E-005
   1.0000000000000001E-005
   1.0000000000000001E-005
   1.0000000000000001E-005
   1.0000000000000001E-005
   1.0000000000000001E-005
   1.0000000000000001E-005
   1.0000000000000001E-005
   1.0000000000000001E-005
   1.0000000000000001E-005
   1.0000000000000001E-005
   1.0000000000000001E-005
   1.0000000000000001E-005
   1.0000000000000001E-005
   1.0000000000000001E-005
   1.0000000000000001E-005
   1.0000000000000001E-005
   1.0000000000000001E-005
   1.0000000000000001E-005
   1.0000000000000001E-005
   1.0000000000000001E-005
   1.0000000000000001E-005
   1.0000000000000001E-005
   9.1624388034716436E-003
   1.0000000000000001E-005
   1.0000000000000001E-005
   1.0000000000000001E-005
   1.0000000000000001E-005
   9.1624743393413401E-003
   1.0000000000000001E-005
   1.0000000000000001E-005
   1.0000000000000001E-005
   1.0000000000000001E-005
   1.0000000000000001E-005
   1.0000000000000001E-005
   1.0000000000000001E-005
   1.0000000000000001E-005
   1.0000000000000001E-005
   1.0000000000000001E-005
   1.0000000000000001E-005
   1.0000000000000001E-005
   1.0000000000000001E-005
   1.0000000000000001E-005
   1.0000000000000001E-005
   1.0000000000000001E-005
   1.0000000000000001E-005
   1.0000000000000001E-005
   1.0000000000000001E-005
   1.0000000000000001E-005
   1.0000000000000001E-005
   1.0000000000000001E-005
   1.0000000000000001E-005
   1.0000000000000001E-005
   1.0000000000000001E-005
   1.0000000000000001E-005
   1.0000000000000001E-005
   1.0000000000000001E-005
   1.0000000000000001E-005
   1.0000000000000001E-005
   1.0000000000000001E-005
   1.0000000000000001E-005
   1.0000000000000001E-005
   1.0000000000000001E-005
   1.0000000000000001E-005
   1.0000000000000001E-005
   1.0000000000000001E-005
   1.0000000000000001E-005
   1.0000000000000001E-005
   1.0000000000000001E-005
   1.0000000000000001E-005
   1.0378662535998402E-002
   1.0000000000000001E-005
   1.0000000000000001E-005
   1.0000000000000001E-005
   1.0000000000000001E-005
   1.0378687479146302E-002
   1.0000000000000001E-005
   1.0000000000000001E-005
   1.0000000000000001E-005
   1.0000000000000001E-005
   1.0000000000000001E-005
   1.0000000000000001E-005
   1.0000000000000001E-005
   1.0000000000000001E-005
   1.0000000000000001E-005
   1.0000000000000001E-005
   1.0000000000000001E-005
   1.0000000000000001E-005
   1.0000000000000001E-005
   1.0000000000000001E-005
   1.0000000000000001E-005
   1.0000000000000001E-005
   1.0000000000000001E-005
   1.0000000000000001E-005
   1.0000000000000001E-005
   1.0000000000000001E-005
   1.0000000000000001E-005
   1.0000000000000001E-005
   1.0000000000000001E-005
   1.0000074995935461E-005
   1.0000000000000001E-005
   1.0000000000000001E-005
   1.0000000000000001E-005
   1.0000000000000001E-005
   1.0000074998999935E-005
   1.0000000000000001E-005
   1.0000000000000001E-005
   1.0000000000000001E-005
   1.0000000000000001E-005
   1.0000000000000001E-005
   1.0000000000000001E-005
   1.0000000000000001E-005
   1.0000000000000001E-005
   1.0897019881594489E-004
   1.0000000000000001E-005
   1.0000000000000001E-005
   1.0000000000000001E-005
   1.0000000000000001E-005
   1.0897115564659928E-004
   1.0000000038584515E-005
   1.0000000000000001E-005
   1.0000000000000001E-005
   1.0000000000000001E-005
   1.0710717026707783E-002
   1.0000000038588118E-005
   1.0000000000000001E-005
   1.0000000000000001E-005
   1.0000000000000001E-005
   1.0710714165696383E-002
   1.0000000000000001E-005
   1.0000000000000001E-005
   1.0000000000000001E-005
   1.0000000000000001E-005
   1.0898544283220760E-004
   1.0000000000000001E-005
   1.0000000000000001E-005
   1.0000000000000001E-005
   1.0000000000000001E-005
   1.0898639983523769E-004
   1.0000074840077533E-005
   1.0000000000000001E-005
   1.0000000000000001E-005
   1.0000000000000001E-005
   1.0000000000000001E-005
   1.0000074843135706E-005
   1.0000000000000001E-005
   1.0000000000000001E-005
   1.0000000000000001E-005
   1.0000000000000001E-005
   1.0000000000000001E-005
   1.0000000000000001E-005
   1.0000000000000001E-005
   1.0000000000000001E-005
   1.0030721637769395E-005
   1.0000000000000001E-005
   1.0000000000000001E-005
   1.0000000000000001E-005
   1.0000000000000001E-005
   1.0030721705926407E-005
   1.0000000000233860E-005
   1.0000000000000001E-005
   1.0000000000000001E-005
   1.0000000000000001E-005
   1.0000000000000001E-005
   1.0000000000233865E-005
   1.0000000000000001E-005
   1.0000000000000001E-005
   1.0000000000000001E-005
   1.0000000000000001E-005
   3.3542434098813448E-003
   6.2378450047409835E-002
   1.0000000000000001E-005
   1.0000000000000001E-005
   1.0000205189131180E-005
   3.3542436876876232E-003
   6.2378355471145203E-002
   1.0000000000000001E-005
   1.0000000000000001E-005
   1.0000205184724750E-005
   1.0000000000230565E-005
   1.0000000000000001E-005
   1.0000000000000001E-005
   1.0000000000000001E-005
   1.0000000000000001E-005
   1.0000000000230570E-005
   1.0000000000000001E-005
   1.0000000000000001E-005
   1.0000000000000001E-005
   1.0000000000000001E-005
   1.0000000000000001E-005
   1.0000000000000001E-005
   1.0000000000000001E-005
   1.0000000000000001E-005
   1.0030640685972742E-005
   1.0000000000000001E-005
   1.0000000000000001E-005
   1.0000000000000001E-005
   1.0000000000000001E-005
   1.0030640753745039E-005
   1.0030641146688218E-005
   1.0000000000000001E-005
   1.0000000000000001E-005
   1.0000000000000001E-005
   1.0000000000000001E-005
   1.0030641453630659E-005
   1.0000000000000001E-005
   1.0000000000000001E-005
   1.0000000000000001E-005
   1.0000000000000001E-005
   1.0000000000000001E-005
   1.0000000000000001E-005
   1.0000000000000001E-005
   1.0000000000000001E-005
   1.0000000000230545E-005
   1.0000000000000001E-005
   1.0000000000000001E-005
   1.0000000000000001E-005
   1.0000000000000001E-005
   1.0000000000230551E-005
   1.0000205191601185E-005
   1.0000000000000001E-005
   1.0000000000000001E-005
   6.2378397633041878E-002
   3.3542266197533819E-003
   1.0000205195647712E-005
   1.0000000000000001E-005
   1.0000000000000001E-005
   6.2378426755808895E-002
   3.3542245930531112E-003
   1.0000000000000001E-005
   1.0000000000000001E-005
   1.0000000000000001E-005
   1.0000000000000001E-005
   1.0000000000233836E-005
   1.0000000000000001E-005
   1.0000000000000001E-005
   1.0000000000000001E-005
   1.0000000000000001E-005
   1.0000000000233845E-005
   1.0030722055120375E-005
   1.0000000000000001E-005
   1.0000000000000001E-005
   1.0000000000000001E-005
   1.0000000000000001E-005
   1.0030722362821756E-005
   1.0000000000000001E-005
   1.0000000000000001E-005
   1.0000000000000001E-005
   1.0000000000000001E-005
   1.0000000000000001E-005
   1.0000000000000001E-005
   1.0000000000000001E-005
   1.0000000000000001E-005
   1.0000074837142767E-005
   1.0000000000000001E-005
   1.0000000000000001E-005
   1.0000000000000001E-005
   1.0000000000000001E-005
   1.0000074834895636E-005
   1.0898676614233949E-004
   1.0000000000000001E-005
   1.0000000000000001E-005
   1.0000000000000001E-005
   1.0000000000000001E-005
   1.0898690636610237E-004
   1.0000000000000001E-005
   1.0000000000000001E-005
   1.0000000000000001E-005
   1.0000000000000001E-005
   1.0710722674460644E-002
   1.0000000000000001E-005
   1.0000000000000001E-005
   1.0000000000000001E-005
   1.0000000038583375E-005
   1.0710724930954745E-002
   1.0000000000000001E-005
   1.0000000000000001E-005
   1.0000000000000001E-005
   1.0000000038579927E-005
   1.0897011283638200E-004
   1.0000000000000001E-005
   1.0000000000000001E-005
   1.0000000000000001E-005
   1.0000000000000001E-005
   1.0897025297843083E-004
   1.0000000000000001E-005
   1.0000000000000001E-005
   1.0000000000000001E-005
   1.0000000000000001E-005
   1.0000000000000001E-005
   1.0000000000000001E-005
   1.0000000000000001E-005
   1.0000000000000001E-005
   1.0000074992578107E-005
   1.0000000000000001E-005
   1.0000000000000001E-005
   1.0000000000000001E-005
   1.0000000000000001E-005
   1.0000074990326412E-005
   1.0000000000000001E-005
   1.0000000000000001E-005
   1.0000000000000001E-005
   1.0000000000000001E-005
   1.0000000000000001E-005
   1.0000000000000001E-005
   1.0000000000000001E-005
   1.0000000000000001E-005
   1.0000000000000001E-005
   1.0000000000000001E-005
   1.0000000000000001E-005
   1.0000000000000001E-005
   1.0000000000000001E-005
   1.0000000000000001E-005
   1.0000000000000001E-005
   1.0000000000000001E-005
   1.0000000000000001E-005
   1.0000000000000001E-005
   1.0000000000000001E-005
   1.0000000000000001E-005
   1.0000000000000001E-005
   1.0000000000000001E-005
   1.0000000000000001E-005
   1.0378745269635481E-002
   1.0000000000000001E-005
   1.0000000000000001E-005
   1.0000000000000001E-005
   1.0000000000000001E-005
   1.0378753290245310E-002
   1.0000000000000001E-005
   1.0000000000000001E-005
   1.0000000000000001E-005
   1.0000000000000001E-005
   1.0000000000000001E-005
   1.0000000000000001E-005
   1.0000000000000001E-005
   1.0000000000000001E-005
   1.0000000000000001E-005
   1.0000000000000001E-005
   1.0000000000000001E-005
   1.0000000000000001E-005
   1.0000000000000001E-005
   1.0000000000000001E-005
   1.0000000000000001E-005
   1.0000000000000001E-005
   1.0000000000000001E-005
   1.0000000000000001E-005
   1.0000000000000001E-005
   1.0000000000000001E-005
   1.0000000000000001E-005
   1.0000000000000001E-005
   1.0000000000000001E-005
   1.0000000000000001E-005
   1.0000000000000001E-005
   1.0000000000000001E-005
   1.0000000000000001E-005
   1.0000000000000001E-005
   1.0000000000000001E-005
   1.0000000000000001E-005
   1.0000000000000001E-005
   1.0000000000000001E-005
   1.0000000000000001E-005
   1.0000000000000001E-005
   1.0000000000000001E-005
   1.0000000000000001E-005
   1.0000000000000001E-005
   1.0000000000000001E-005
   1.0000000000000001E-005
   1.0000000000000001E-005
   1.0000000000000001E-005
   9.1624784825357873E-003
   1.0000000000000001E-005
   1.0000000000000001E-005
   1.0000000000000001E-005
   1.0000000000000001E-005
   9.1624244793182385E-003
   1.0000000000000001E-005
   1.0000000000000001E-005
   1.0000000000000001E-005
   1.0000000000000001E-005
   1.0000000000000001E-005
   1.0000000000000001E-005
   1.0000000000000001E-005
   1.0000000000000001E-005
   1.0000000000000001E-005
   1.0000000000000001E-005
   1.0000000000000001E-005
   1.0000000000000001E-005
   1.0000000000000001E-005
   1.0000000000000001E-005
   1.0000000000000001E-005
   1.0000000000000001E-005
   1.0000000000000001E-005
   1.0000000000000001E-005
   1.0000000000000001E-005
   1.0000000000000001E-005
   1.0000000000000001E-005
   1.0000000000000001E-005
   1.0000000000000001E-005
   1.0000000000000001E-005
   1.0000000000000001E-005
   1.0000000000000001E-005
   1.0000000000000001E-005
   1.0000000000000001E-005
   1.0000000000000001E-005
   1.0000000000000001E-005
   1.0000000000000001E-005
   1.0000000000000001E-005
   1.0000000000000001E-005
   1.0000000000000001E-005
   1.0000000000000001E-005
   1.0000000000000001E-005
   1.0000000000000001E-005
   1.0000000000000001E-005
   1.0000000000000001E-005
   1.0000000000000001E-005
   1.0000000000000001E-005
   1.0000000000000001E-005
   1.0000000000000001E-005
   1.0000000000000001E-005
   1.0000000000000001E-005
   1.0000000000000001E-005
   1.0000000000000001E-005
   5.5913485337467737E-003
   1.0000000000000001E-005
   1.0000000000000001E-005
   1.0000000000000001E-005
   1.0000000000000001E-005
   5.5913144078116456E-003
   1.0000000000000001E-005
   1.0000000000000001E-005
   1.0000000000000001E-005
   1.0000000000000001E-005
   1.0000000000000001E-005
   1.0000000000000001E-005
   1.0000000000000001E-005
   1.0000000000000001E-005
   1.0000000000000001E-005
   1.0000000000000001E-005
   1.0000000000000001E-005
   1.0000000000000001E-005
   1.0000000000000001E-005
   1.0000000000000001E-005
   1.0000000000000001E-005
   1.0000000000000001E-005
   1.0000000000000001E-005
   1.0000000000000001E-005
   1.0000000000000001E-005
   1.0000000000000001E-005
   1.0000000000000001E-005
   1.0000000000000001E-005
   1.0000000000000001E-005
   1.0000000000000001E-005
   1.0000000000000001E-005
   1.0000000000000001E-005
   1.0000000000000001E-005
   1.0000000000000001E-005
   1.0000000000000001E-005
   1.0000000000000001E-005
   1.0000000000000001E-005
   1.0000000000000001E-005
   1.0000000000000001E-005
   1.0000000000000001E-005
   1.0000000000000001E-005
   1.0000000000000001E-005
   1.0000000000000001E-005
   1.0000000000000001E-005
   1.0000000000000001E-005
   1.0000000000000001E-005
   1.0000000000000001E-005
   4.0297810779682017E-002
   1.0000000000000001E-005
   1.0000000000000001E-005
   1.0000000000000001E-005
   1.0000000000000001E-005
   4.0297571973964524E-002
   1.0000000000000001E-005
   1.0000000000000001E-005
   1.0000000000000001E-005
   1.0000000000000001E-005
   1.0000000000000001E-005
   1.0000000000000001E-005
   1.0000000000000001E-005
   1.0000000000000001E-005
   1.0000000000000001E-005
   1.0000000000000001E-005
   1.0000000000000001E-005
   1.0000000000000001E-005
   1.0000000000000001E-005
   1.0000000000000001E-005
   1.0000000000000001E-005
   1.0000000000000001E-005
   1.0000000000000001E-005
   1.0000000000000001E-005
   1.0000000000000001E-005
   1.0000000000000001E-005
   1.0000000000000001E-005
   1.0000000000000001E-005
   1.0000000000000001E-005
   1.0000000000000001E-005
   1.0000000000000001E-005
   1.0000000000000001E-005
   1.0000000000000001E-005
   1.0000000000000001E-005
   1.0000000000000001E-005
   1.0000000000000001E-005
   1.0000000000000001E-005
   1.0000000000000001E-005
   1.0000000000000001E-005
   1.0000000000000001E-005
   1.0000000000000001E-005
   1.0000000000000001E-005
   1.0000000000000001E-005
   1.0000000000000001E-005
   1.0000000000000001E-005
   1.0000000000000001E-005
   1.0000000000000001E-005
   1.0000000000000001E-005
   1.0000000000000001E-005
   1.0000000000000001E-005
   1.0000000000000001E-005
   1.0000000000000001E-005
   1.0000000000000001E-005
   6.3426338151695988E-003
   1.0000000000000001E-005
   1.0000000000000001E-005
   1.0000000000000001E-005
   1.0000000000000001E-005
   6.3425856519021308E-003
   1.0000000000000001E-005
   1.0000000000000001E-005
   1.0000000000000001E-005
   1.0000000000000001E-005
   1.0000000000000001E-005
   1.0000000000000001E-005
   1.0000000000000001E-005
   1.0000000000000001E-005
   1.0000000000000001E-005
   1.0000000000000001E-005
   1.0000000000000001E-005
   1.0000000000000001E-005
   1.0000000000000001E-005
   1.0000000000000001E-005
   1.0000000000000001E-005
   1.0000000000000001E-005
   1.0000000000000001E-005
   1.0000000000000001E-005
   1.0000000000000001E-005
   1.0000000000000001E-005
   1.0000000000000001E-005
   1.0000000000000001E-005
   1.0000000000000001E-005
   1.0000000000000001E-005
   1.0000000000000001E-005
   1.0000000000000001E-005
   1.0000000000000001E-005
   1.0000000000000001E-005
   1.0000000000000001E-005
   1.0000000000000001E-005
   1.0000000000000001E-005
   1.0000000000000001E-005
   1.0000000000000001E-005
   1.0000000000000001E-005
   1.0000000000000001E-005
   1.0000000000000001E-005
   1.0000000000000001E-005
   1.0000000000000001E-005
   1.0000000000000001E-005
   1.0000000000000001E-005
   1.0000000000000001E-005
   3.9169706008374106E-002
   1.0000000000000001E-005
   1.0000000000000001E-005
   1.0000000000000001E-005
   1.0000000000000001E-005
   3.9169732938980718E-002
   1.0000000000000001E-005
   1.0000000000000001E-005
   1.0000000000000001E-005
   1.0000000000000001E-005
   1.0000000000000001E-005
   1.0000000000000001E-005
   1.0000000000000001E-005
   1.0000000000000001E-005
   1.0000000000000001E-005
   1.0000000000000001E-005
   1.0000000000000001E-005
   1.0000000000000001E-005
   1.0000000000000001E-005
   1.0000000000000001E-005
   1.0000000000000001E-005
   1.0000000000000001E-005
   1.0000000000000001E-005
   1.0000000000000001E-005
   1.0000000000000001E-005
   1.0000000000000001E-005
   1.0000000000000001E-005
   1.0000000000000001E-005
   1.0000000000000001E-005
   1.0000000000000001E-005
   1.0000000000000001E-005
   1.0000000000000001E-005
   1.6702494940197483E-004
   1.0000000000000001E-005
   1.0000000000000001E-005
   1.0000000000000001E-005
   1.0000000000000001E-005
   1.6702550318502509E-004
   1.0000000000000001E-005
   1.0000000000000001E-005
   1.0000000000000001E-005
   1.0000000000000001E-005
   2.7589211170068545E-004
   1.0000000000000001E-005
   1.0000000000000001E-005
   1.0000000000000001E-005
   1.0000000000000001E-005
   2.7589113106606534E-004
   1.0000000000000001E-005
   1.0000000000000001E-005
   1.0000000000000001E-005
   1.0000000000000001E-005
   1.5910464864567559E-002
   2.6486782857581864E-003
   1.0000000000000001E-005
   1.0000000000000001E-005
   1.0000000000000001E-005
   1.5910470326707078E-002
   2.6486729902724898E-003
   1.0000000000000001E-005
   1.0000000000000001E-005
   1.0000000000000001E-005
   2.7586388334989724E-004
   1.0000000000000001E-005
   1.0000000000000001E-005
   1.0000000000000001E-005
   1.0000000000000001E-005
   2.7586290281709147E-004
   1.0000000000000001E-005
   1.0000000000000001E-005
   1.0000000000000001E-005
   1.0000000000000001E-005
   1.6716077117464911E-004
   1.0000000000000001E-005
   1.0000000000000001E-005
   1.0000000000000001E-005
   1.0000000000000001E-005
   1.6716132510888999E-004
   1.0000000000000001E-005
   1.0000000000000001E-005
   1.0000000000000001E-005
   1.0000000000000001E-005
   2.3257253112276806E-003
   1.0000000000000001E-005
   1.0000000000000001E-005
   1.0000000000000001E-005
   1.0000000000000001E-005
   2.3257290353122795E-003
   1.0000000000000001E-005
   1.0000000000000001E-005
   1.0000000000000001E-005
   1.0000000000000001E-005
   3.2754550988436820E-005
   1.0000000000000001E-005
   1.0000000000000001E-005
   1.0000000000000001E-005
   1.0000000000000001E-005
   3.2754637341913734E-005
   1.0000000000000001E-005
   1.0000000000000001E-005
   2.1300249374102127E-003
   2.3634061463641203E-002
   1.0212634886931348E-002
   1.0000000000000001E-005
   1.0000000000000001E-005
   2.1300187935391623E-003
   2.3634065918842349E-002
   1.0212629337562906E-002
   1.0000000000000001E-005
   1.0000000000000001E-005
   1.0000000000000001E-005
   1.0000000000000001E-005
   3.2735974238826511E-005
   1.0000000000000001E-005
   1.0000000000000001E-005
   1.0000000000000001E-005
   1.0000000000000001E-005
   3.2736060508016417E-005
   1.0000000000000001E-005
   1.0000000000000001E-005
   1.0000000000000001E-005
   1.0000000000000001E-005
   2.3231414064530478E-003
   1.0000000000000001E-005
   1.0000000000000001E-005
   1.0000000000000001E-005
   1.0000000000000001E-005
   2.3231451288347376E-003
   1.0000000000000001E-005
   1.0000000000000001E-005
