     8.51165009     1.19454956     8.93659973
     6.18174982     0.55854988    10.86970043
     5.57205009     1.21634960     0.45590019
     2.36994982     1.24814987     0.37830067
     1.50174999     0.57444954    10.86299992
     3.78555012     1.20645046     8.99410057
     8.51974964    16.45114899     9.00349998
     6.18984985    17.25015068    10.90580082
     5.45594978    16.38945007     0.44780064
     2.40415001    16.42124939     0.42780018
     1.44974995    17.30775070    10.94990063
     3.72554970    16.43325043     9.04630089
     1.51385021    18.68115044     2.25250053
    11.53934956    11.13234997     4.43160057
    18.53725052     8.74335003    11.11570072
    11.53944969    18.68115044     4.43160057
    18.53725052     1.19454956    11.11570072
     8.51175022     8.74335003     8.93659973
     1.51385021    11.13234997     2.25250053
     3.84384966    19.31715012     4.18560028
    13.86935043    10.49635029     2.49850082
    16.20734978     9.37934971     9.18260002
    13.86935043    19.31715012     2.49850082
    16.20725060     0.55854988     9.18260002
     6.18174982     9.37934971    10.86970043
     3.84375000    10.49635029     4.18560028
     4.45344973    18.65935135     7.14000034
    14.47895050    11.15425014    12.91230011
    15.59774971     8.72144985     6.22820044
    14.47904968    18.65935135    12.91230011
    15.59765053     1.21634960     6.22820044
     5.57214975     8.72144985     0.45590019
     4.45335007    11.15425014     7.14000034
     7.65555000    18.62755013     7.06240034
    17.68115044    11.18605042    12.98990059
    12.39554977     8.68964958     6.30580044
    17.68115044    18.62755013    12.98990059
    12.39554977     1.24814987     6.30580044
     2.36994982     8.68964958     0.37830067
     7.65555000    11.18605042     7.06240034
     8.52375031    19.30125046     4.17890072
    18.54924965    10.51224995     2.50520039
    11.52734947     9.36345005     9.18930054
    18.54935074    19.30125046     2.50520039
    11.52734947     0.57444954     9.18930054
     1.50185013     9.36345005    10.86299992
     8.52375031    10.51224995     4.17890072
     6.23995018    18.66925049     2.31000042
    16.26544952    11.14424992     4.37410069
    13.81124973     8.73145008    11.05820084
    16.26554871    18.66925049     4.37410069
    13.81114960     1.20645046    11.05820084
     3.78564978     8.73145008     8.99410057
     6.23985004    11.14424992     2.31000042
     1.50574970     3.42455006     2.31940079
    11.53135014     6.51325035     4.36470032
    18.54534912    13.36244965    11.04880047
    11.53135014     3.42455006     4.36470032
    18.54534912    16.45114899    11.04880047
     8.51974964    13.36244965     9.00349998
     1.50574970     6.51325035     2.31940079
     3.83564997     2.62554979     4.22170067
    13.86124992     7.31225014     2.46240044
    16.21534920    12.56344986     9.14649963
    13.86124992     2.62554979     2.46240044
    16.21545029    17.25015068     9.14649963
     6.18984985    12.56344986    10.90580082
     3.83575010     7.31225014     4.22170067
     4.56955004     3.48624992     7.13190031
    14.59524918     6.45174980    12.92040062
    15.48145008    13.42405033     6.23630047
    14.59514999     3.48624992    12.92040062
    15.48155022    16.38945007     6.23630047
     5.45585012    13.42395020     0.44780064
     4.56964970     6.45164967     7.13190031
     7.62134981     3.45445013     7.11190033
    17.64694977     6.48355007    12.94040012
    12.42975044    13.39225006     6.25630045
    17.64694977     3.45445013    12.94040012
    12.42975044    16.42124939     6.25630045
     2.40415001    13.39214993     0.42780018
     7.62134981     6.48344994     7.11190033
     8.57575035     2.56794977     4.26580048
    18.60134888     7.36985016     2.41830063
    11.47525024    12.50584984     9.10239983
    18.60134888     2.56794977     2.41830063
    11.47534943    17.30775070     9.10239983
     1.44974995    12.50584984    10.94990063
     8.57584953     7.36985016     4.26580048
     6.29994965     3.44245005     2.36220074
    16.32555008     6.49534988     4.32190037
    13.75115013    13.38035011    11.00600052
    16.32555008     3.44245005     4.32190037
    13.75115013    16.43325043    11.00600052
     3.72554970    13.38035011     9.04630089
     6.29994965     6.49534988     2.36220074
     7.57324982     0.98384953    10.21460056
     6.13564968     1.25424957    12.32280064
     3.97195005     1.19445038     0.36630058
     1.98305035     1.31785011    12.19710064
     2.32784986     1.22434998     9.65719986
     4.98664999     1.22834969    10.05020046
     7.50924969    16.63994980    10.23600006
     6.16984987    16.80495071    12.44040012
     3.93604994    16.88434982     0.30350018
     1.75654984    16.56645012    12.33620071
     2.30994987    16.80294991     9.69729996
     4.88654995    16.83275032    10.07690048
     6.32224989    18.84025002    10.86030006
     1.68445015    18.87994957    11.12500000
     8.40734959     2.62554979     8.23210049
     8.12864971     0.01194954     7.92870045
     8.04854965    17.20045090     7.66800022
     3.82165003     2.62165022     8.25090027
     3.80765009     0.03775024     7.90190029
     3.92805004    17.24615097     7.68540049
    20.00894928     0.87654972    10.57019997
    20.01305008    16.86854935    10.55690002
     8.59595013    14.90674973     8.59170055
     4.06045008    14.90674973     8.72540092
     5.77675009    14.90674973     0.96520042
     2.27775002    14.90674973     0.93040085
     2.45225000    18.89184952     3.53050041
    12.47774982    10.92164993     3.15360069
    17.59885025     8.95405006     9.83769989
    12.47784996    18.89184952     3.15360069
    17.59885025     0.98384953     9.83769989
     7.57334995     8.95405006    10.21460056
     2.45225000    10.92164993     3.53050041
     3.88994980    18.62154961     5.63870049
    13.91545010    11.19194984     1.04540062
    16.16114998     8.68375015     7.72950029
    13.91545010    18.62145042     1.04540062
    16.16114998     1.25415039     7.72950029
     6.13564968     8.68375015    12.32280064
     3.88994980    11.19194984     5.63870049
     6.05354977    18.68115044     7.05040026
    16.07905006    11.13245010    13.00190067
    13.99765015     8.74335003     6.31780052
    16.07914925    18.68124962    13.00190067
    13.99755001     1.19454956     6.31780052
     3.97204971     8.74324989     0.36630058
     6.05344963    11.13234997     7.05040026
     8.04255009    18.55794907     5.51300049
    18.06805038    11.25555038     1.17110062
    12.00864983     8.62014961     7.85520029
    18.06805038    18.55784988     1.17110062
    12.00854969     1.31774998     7.85520029
     1.98305035     8.62014961    12.19710064
     8.04244995    11.25555038     5.51300049
     7.69764996    18.65135002     2.97310066
    17.72315025    11.16215038     3.71100044
    12.35354996     8.71354961    10.39510059
    17.72324944    18.65135002     3.71100044
    12.35344982     1.22434998    10.39510059
     2.32795000     8.71354961     9.65719986
     7.69754982    11.16215038     2.97310066
     5.03884983    18.64735031     3.36610031
    15.06435013    11.16615009     3.31799984
    15.01224995     8.70954990    10.00209999
    15.06444931    18.64735031     3.31799984
    15.01224995     1.22834969    10.00209999
     4.98675013     8.70954990    10.05020046
     5.03884983    11.16615009     3.36610031
     2.51634979     3.23575020     3.55189991
    12.54195023     6.70205021     3.13220024
    17.53474998    13.17364979     9.81630039
    12.54185009     3.23575020     3.13220024
    17.53474998    16.63994980     9.81630039
     7.50914955    13.17364979    10.23600006
     2.51634979     6.70205021     3.55189991
     3.85575008     3.07075024     5.75630045
    13.88134956     6.86705017     0.92780018
    16.19535065    13.00864983     7.61190033
    13.88125038     3.07075024     0.92780018
    16.19535065    16.80495071     7.61190033
     6.16975021    13.00864983    12.44040012
     3.85575008     6.86705017     5.75630045
     6.08944988     2.99125004     6.98760033
    16.11504936     6.94665003    13.06470013
    13.96164989    12.92914963     6.38060045
    16.11504936     2.99135017    13.06470013
    13.96164989    16.88444901     6.38060045
     3.93604994    12.92905045     0.30350018
     6.08944988     6.94654989     6.98760033
     8.26904964     3.30924988     5.65210056
    18.29454994     6.62844992     1.03200054
    11.78205013    13.24715042     7.71610022
    18.29454994     3.30924988     1.03200054
    11.78205013    16.56645012     7.71610022
     1.75654984    13.24724960    12.33620071
     8.26904964     6.62855005     5.65210056
     7.71554995     3.07275009     3.01319981
    17.74114990     6.86505032     3.67090034
    12.33545017    13.01064968    10.35500050
    17.74114990     3.07275009     3.67090034
    12.33555031    16.80294991    10.35500050
     2.30994987    13.01064968     9.69729996
     7.71564960     6.86505032     3.01319981
     5.13905001     3.04295015     3.39280033
    15.16454983     6.89484978     3.29129982
    14.91205025    12.98085022     9.97540092
    15.16454983     3.04295015     3.29129982
    14.91205025    16.83275032     9.97540092
     4.88654995    12.98085022    10.07690048
     5.13905001     6.89484978     3.39280033
     3.70335007     1.03555012     4.17619991
    13.72894955     8.90225029     2.50790024
    16.34765053    10.97335052     9.19200039
    13.72884941     1.03544998     2.50790024
    16.34774971    18.84014893     9.19200039
     6.32215023    10.97344971    10.86030006
     3.70344973     8.90234947     4.17619991
     8.34115028     0.99575043     4.44089985
    18.36674881     8.94204998     2.24320030
    11.70985031    10.93365002     8.92730045
    18.36664963     0.99575043     2.24320030
    11.70994949    18.87994957     8.92730045
     1.68435001    10.93365002    11.12500000
     8.34124947     8.94204998     4.44089985
     1.61814976    17.25004959     1.54800034
    11.64365005    12.56344986     5.13610077
    18.43294907     7.31235027    11.82019997
    11.64375019    17.25015068     5.13610077
    18.43294907     2.62564993    11.82019997
     8.40744972     7.31225014     8.23210049
     1.61814976    12.56334972     1.54800034
     1.89684963    19.86375046     1.24460030
    11.92234993     9.94974995     5.43950033
    18.15435028     9.92595005    12.12360001
    11.92245007    19.86375046     5.43950033
    18.15425110     0.01194954    12.12360001
     8.12874985     9.92595005     7.92870045
     1.89674950     9.94974995     1.24460030
     1.97694969     2.67525005     0.98390007
    12.00255013     7.26255035     5.70020008
    18.07415009    12.61314964    12.38430023
    12.00255013     2.67525005     5.70020008
    18.07415009    17.20045090    12.38430023
     8.04854965    12.61314964     7.66800022
     1.97694969     7.26255035     0.98390007
     6.20384979    17.25404930     1.56680012
    16.22935104    12.55945015     5.11730003
    13.84735012     7.31624985    11.80140018
    16.22945023    17.25404930     5.11730003
    13.84724998     2.62165022    11.80140018
     3.82174969     7.31624985     8.25090027
     6.20374966    12.55945015     1.56680012
     6.21784973    19.83784866     1.21780014
    16.24335098     9.97564983     5.46630049
    13.83325005     9.90015030    12.15040016
    16.24345016    19.83794975     5.46630049
    13.83325005     0.03785038    12.15040016
     3.80774975     9.90005016     7.90190029
     6.21784973     9.97554970     1.21780014
     6.09744978     2.62954998     1.00130081
    16.12305069     7.30824995     5.68280029
    13.95364952    12.56744957    12.36690044
    16.12305069     2.62954998     5.68280029
    13.95364952    17.24615097    12.36690044
     3.92805004    12.56744957     7.68540049
     6.09744978     7.30824995     1.00130081
    10.06774998    18.99914932     3.88609982
     0.04205036    10.81435013     2.79800034
     9.98344994     9.06134987     9.48210049
     0.04214954    18.99914932     2.79800034
     9.98334980     0.87654972     9.48210049
    20.00904846     9.06134987    10.57019997
    10.06764984    10.81435013     3.88609982
    10.06355000     3.00715017     3.87279987
     0.03804970     6.93064976     2.81130028
     9.98754978    12.94505024     9.49540043
     0.03804970     3.00715017     2.81130028
     9.98754978    16.86854935     9.49540043
    20.01305008    12.94505024    10.55690002
    10.06355000     6.93064976     3.87279987
     1.42955017     4.96885014     1.90760040
    11.45514965     4.96894979     4.77650070
    18.62154961    14.90684986    11.46060085
     5.96514988     4.96885014     2.04130077
    15.99065018     4.96894979     4.64280033
    14.08594990    14.90684986    11.32690048
     4.24874973     4.96894979     7.64930010
    14.27434921     4.96894979    12.40300083
    15.80235004    14.90674973     5.71890020
     7.74774981     4.96894979     7.61450052
    17.77334976     4.96894979    12.43780041
    12.30335045    14.90674973     5.75370026
     8.51165009     1.19454956    22.30480003
     6.18174982     0.55854988    24.23789978
     5.57205009     1.21634960    13.82410049
     2.36994982     1.24814987    13.74650002
     1.50174999     0.57444954    24.23120117
     3.78555012     1.20645046    22.36230087
     8.51974964    16.45114899    22.37170029
     6.18984985    17.25015068    24.27400017
     5.45594978    16.38945007    13.81599998
     2.40415001    16.42124939    13.79600048
     1.44974995    17.30775070    24.31809998
     3.72554970    16.43325043    22.41450119
     1.51385021    18.68115044    15.62069988
    11.53934956    11.13234997    17.79980087
    18.53725052     8.74335003    24.48390007
    11.53944969    18.68115044    17.79980087
    18.53725052     1.19454956    24.48390007
     8.51175022     8.74335003    22.30480003
     1.51385021    11.13234997    15.62069988
     3.84384966    19.31715012    17.55380058
    13.86935043    10.49635029    15.86670017
    16.20734978     9.37934971    22.55080032
    13.86935043    19.31715012    15.86670017
    16.20725060     0.55854988    22.55080032
     6.18174982     9.37934971    24.23789978
     3.84375000    10.49635029    17.55380058
     4.45344973    18.65935135    20.50819969
    14.47895050    11.15425014    26.28050041
    15.59774971     8.72144985    19.59640121
    14.47904968    18.65935135    26.28050041
    15.59765053     1.21634960    19.59640121
     5.57214975     8.72144985    13.82410049
     4.45335007    11.15425014    20.50819969
     7.65555000    18.62755013    20.43059921
    17.68115044    11.18605042    26.35810089
    12.39554977     8.68964958    19.67399979
    17.68115044    18.62755013    26.35810089
    12.39554977     1.24814987    19.67399979
     2.36994982     8.68964958    13.74650002
     7.65555000    11.18605042    20.43059921
     8.52375031    19.30125046    17.54710007
    18.54924965    10.51224995    15.87340069
    11.52734947     9.36345005    22.55749893
    18.54935074    19.30125046    15.87340069
    11.52734947     0.57444954    22.55749893
     1.50185013     9.36345005    24.23120117
     8.52375031    10.51224995    17.54710007
     6.23995018    18.66925049    15.67819977
    16.26544952    11.14424992    17.74230003
    13.81124973     8.73145008    24.42639923
    16.26554871    18.66925049    17.74230003
    13.81114960     1.20645046    24.42639923
     3.78564978     8.73145008    22.36230087
     6.23985004    11.14424992    15.67819977
     1.50574970     3.42455006    15.68760014
    11.53135014     6.51325035    17.73290062
    18.54534912    13.36244965    24.41699982
    11.53135014     3.42455006    17.73290062
    18.54534912    16.45114899    24.41699982
     8.51974964    13.36244965    22.37170029
     1.50574970     6.51325035    15.68760014
     3.83564997     2.62554979    17.58990097
    13.86124992     7.31225014    15.83059978
    16.21534920    12.56344986    22.51469994
    13.86124992     2.62554979    15.83059978
    16.21545029    17.25015068    22.51469994
     6.18984985    12.56344986    24.27400017
     3.83575010     7.31225014    17.58990097
     4.56955004     3.48624992    20.50009918
    14.59524918     6.45174980    26.28860092
    15.48145008    13.42405033    19.60449982
    14.59514999     3.48624992    26.28860092
    15.48155022    16.38945007    19.60449982
     5.45585012    13.42395020    13.81599998
     4.56964970     6.45164967    20.50009918
     7.62134981     3.45445013    20.48010063
    17.64694977     6.48355007    26.30860138
    12.42975044    13.39225006    19.62450027
    17.64694977     3.45445013    26.30860138
    12.42975044    16.42124939    19.62450027
     2.40415001    13.39214993    13.79600048
     7.62134981     6.48344994    20.48010063
     8.57575035     2.56794977    17.63400078
    18.60134888     7.36985016    15.78649998
    11.47525024    12.50584984    22.47060013
    18.60134888     2.56794977    15.78649998
    11.47534943    17.30775070    22.47060013
     1.44974995    12.50584984    24.31809998
     8.57584953     7.36985016    17.63400078
     6.29994965     3.44245005    15.73040009
    16.32555008     6.49534988    17.69009972
    13.75115013    13.38035011    24.37419891
    16.32555008     3.44245005    17.69009972
    13.75115013    16.43325043    24.37419891
     3.72554970    13.38035011    22.41450119
     6.29994965     6.49534988    15.73040009
     7.57324982     0.98384953    23.58279991
     6.13564968     1.25424957    25.69099998
     3.97195005     1.19445038    13.73449993
     1.98305035     1.31785011    25.56529999
     2.32784986     1.22434998    23.02540016
     4.98664999     1.22834969    23.41839981
     7.50924969    16.63994980    23.60420036
     6.16984987    16.80495071    25.80860138
     3.93604994    16.88434982    13.67170048
     1.75654984    16.56645012    25.70439911
     2.30994987    16.80294991    23.06550026
     4.88654995    16.83275032    23.44510078
     6.32224989    18.84025002    24.22850037
     1.68445015    18.87994957    24.49320030
     8.40734959     2.62554979    21.60029984
     8.12864971     0.01194954    21.29689980
     8.04854965    17.20045090    21.03620148
     3.82165003     2.62165022    21.61910057
     3.80765009     0.03775024    21.27009964
     3.92805004    17.24615097    21.05360031
    20.00894928     0.87654972    23.93840027
    20.01305008    16.86854935    23.92510033
     8.59595013    14.90674973    21.95989990
     4.06045008    14.90674973    22.09360123
     5.77675009    14.90674973    14.33339977
     2.27775002    14.90674973    14.29860020
     2.45225000    18.89184952    16.89870071
    12.47774982    10.92164993    16.52180099
    17.59885025     8.95405006    23.20590019
    12.47784996    18.89184952    16.52180099
    17.59885025     0.98384953    23.20590019
     7.57334995     8.95405006    23.58279991
     2.45225000    10.92164993    16.89870071
     3.88994980    18.62154961    19.00690079
    13.91545010    11.19194984    14.41359997
    16.16114998     8.68375015    21.09770012
    13.91545010    18.62145042    14.41359997
    16.16114998     1.25415039    21.09770012
     6.13564968     8.68375015    25.69099998
     3.88994980    11.19194984    19.00690079
     6.05354977    18.68115044    20.41860008
    16.07905006    11.13245010    26.37010002
    13.99765015     8.74335003    19.68600082
    16.07914925    18.68124962    26.37010002
    13.99755001     1.19454956    19.68600082
     3.97204971     8.74324989    13.73449993
     6.05344963    11.13234997    20.41860008
     8.04255009    18.55794907    18.88120079
    18.06805038    11.25555038    14.53929996
    12.00864983     8.62014961    21.22340012
    18.06805038    18.55784988    14.53929996
    12.00854969     1.31774998    21.22340012
     1.98305035     8.62014961    25.56529999
     8.04244995    11.25555038    18.88120079
     7.69764996    18.65135002    16.34130096
    17.72315025    11.16215038    17.07920074
    12.35354996     8.71354961    23.76329994
    17.72324944    18.65135002    17.07920074
    12.35344982     1.22434998    23.76329994
     2.32795000     8.71354961    23.02540016
     7.69754982    11.16215038    16.34130096
     5.03884983    18.64735031    16.73430061
    15.06435013    11.16615009    16.68619919
    15.01224995     8.70954990    23.37030029
    15.06444931    18.64735031    16.68619919
    15.01224995     1.22834969    23.37030029
     4.98675013     8.70954990    23.41839981
     5.03884983    11.16615009    16.73430061
     2.51634979     3.23575020    16.92010117
    12.54195023     6.70205021    16.50040054
    17.53474998    13.17364979    23.18450165
    12.54185009     3.23575020    16.50040054
    17.53474998    16.63994980    23.18450165
     7.50914955    13.17364979    23.60420036
     2.51634979     6.70205021    16.92010117
     3.85575008     3.07075024    19.12450027
    13.88134956     6.86705017    14.29600048
    16.19535065    13.00864983    20.98010063
    13.88125038     3.07075024    14.29600048
    16.19535065    16.80495071    20.98010063
     6.16975021    13.00864983    25.80860138
     3.85575008     6.86705017    19.12450027
     6.08944988     2.99125004    20.35580063
    16.11504936     6.94665003    26.43289948
    13.96164989    12.92914963    19.74880028
    16.11504936     2.99135017    26.43289948
    13.96164989    16.88444901    19.74880028
     3.93604994    12.92905045    13.67170048
     6.08944988     6.94654989    20.35580063
     8.26904964     3.30924988    19.02029991
    18.29454994     6.62844992    14.40019989
    11.78205013    13.24715042    21.08430099
    18.29454994     3.30924988    14.40019989
    11.78205013    16.56645012    21.08430099
     1.75654984    13.24724960    25.70439911
     8.26904964     6.62855005    19.02029991
     7.71554995     3.07275009    16.38140106
    17.74114990     6.86505032    17.03910065
    12.33545017    13.01064968    23.72320175
    17.74114990     3.07275009    17.03910065
    12.33555031    16.80294991    23.72320175
     2.30994987    13.01064968    23.06550026
     7.71564960     6.86505032    16.38140106
     5.13905001     3.04295015    16.76099968
    15.16454983     6.89484978    16.65950012
    14.91205025    12.98085022    23.34360123
    15.16454983     3.04295015    16.65950012
    14.91205025    16.83275032    23.34360123
     4.88654995    12.98085022    23.44510078
     5.13905001     6.89484978    16.76099968
     3.70335007     1.03555012    17.54439926
    13.72894955     8.90225029    15.87610054
    16.34765053    10.97335052    22.56019974
    13.72884941     1.03544998    15.87610054
    16.34774971    18.84014893    22.56019974
     6.32215023    10.97344971    24.22850037
     3.70344973     8.90234947    17.54439926
     8.34115028     0.99575043    17.80910110
    18.36674881     8.94204998    15.61140060
    11.70985031    10.93365002    22.29550171
    18.36664963     0.99575043    15.61140060
    11.70994949    18.87994957    22.29550171
     1.68435001    10.93365002    24.49320030
     8.34124947     8.94204998    17.80910110
     1.61814976    17.25004959    14.91620064
    11.64365005    12.56344986    18.50429916
    18.43294907     7.31235027    25.18840027
    11.64375019    17.25015068    18.50429916
    18.43294907     2.62564993    25.18840027
     8.40744972     7.31225014    21.60029984
     1.61814976    12.56334972    14.91620064
     1.89684963    19.86375046    14.61280060
    11.92234993     9.94974995    18.80770111
    18.15435028     9.92595005    25.49180031
    11.92245007    19.86375046    18.80770111
    18.15425110     0.01194954    25.49180031
     8.12874985     9.92595005    21.29689980
     1.89674950     9.94974995    14.61280060
     1.97694969     2.67525005    14.35210037
    12.00255013     7.26255035    19.06840134
    18.07415009    12.61314964    25.75250053
    12.00255013     2.67525005    19.06840134
    18.07415009    17.20045090    25.75250053
     8.04854965    12.61314964    21.03620148
     1.97694969     7.26255035    14.35210037
     6.20384979    17.25404930    14.93500042
    16.22935104    12.55945015    18.48550034
    13.84735012     7.31624985    25.16960144
    16.22945023    17.25404930    18.48550034
    13.84724998     2.62165022    25.16960144
     3.82174969     7.31624985    21.61910057
     6.20374966    12.55945015    14.93500042
     6.21784973    19.83784866    14.58600044
    16.24335098     9.97564983    18.83449936
    13.83325005     9.90015030    25.51860046
    16.24345016    19.83794975    18.83449936
    13.83325005     0.03785038    25.51860046
     3.80774975     9.90005016    21.27009964
     6.21784973     9.97554970    14.58600044
     6.09744978     2.62954998    14.36950016
    16.12305069     7.30824995    19.05100060
    13.95364952    12.56744957    25.73509979
    16.12305069     2.62954998    19.05100060
    13.95364952    17.24615097    25.73509979
     3.92805004    12.56744957    21.05360031
     6.09744978     7.30824995    14.36950016
    10.06774998    18.99914932    17.25429916
     0.04205036    10.81435013    16.16620064
     9.98344994     9.06134987    22.85029984
     0.04214954    18.99914932    16.16620064
     9.98334980     0.87654972    22.85029984
    20.00904846     9.06134987    23.93840027
    10.06764984    10.81435013    17.25429916
    10.06355000     3.00715017    17.24100113
     0.03804970     6.93064976    16.17950058
     9.98754978    12.94505024    22.86360168
     0.03804970     3.00715017    16.17950058
     9.98754978    16.86854935    22.86360168
    20.01305008    12.94505024    23.92510033
    10.06355000     6.93064976    17.24100113
     1.42955017     4.96885014    15.27579975
    11.45514965     4.96894979    18.14469910
    18.62154961    14.90684986    24.82880020
     5.96514988     4.96885014    15.40950012
    15.99065018     4.96894979    18.01099968
    14.08594990    14.90684986    24.69509888
     4.24874973     4.96894979    21.01749992
    14.27434921     4.96894979    25.77120018
    15.80235004    14.90674973    19.08710098
     7.74774981     4.96894979    20.98270035
    17.77334976     4.96894979    25.80599976
    12.30335045    14.90674973    19.12190056
    10.02555        9.93785       13.3682
    10.8858423      8.96536222    12.8184139
    10.1460793     10.0367785     14.9002855
     8.58038684     9.53398535    13.0217945
    10.3571811     11.320322      12.7762608
    12.2583644      9.18733423    13.0529593