           -6
          26
           3     7306994     6535959     7667023     1958671     9642238     1308275     4802535     4164711     1057446     2021722    15716927     5883828     2185884     8756848     4984717    11541200     2976604     6134467    16213893     9225199     3545549     2242499     6953651    10836039    -3050519
           0           1           1
  9.41502778999999956E-002
  0.50000000000000000     
  5.00000000000000028E-002

   1.0000000000000000        0.0000000000000000        0.0000000000000000     
   0.0000000000000000        0.0000000000000000        0.0000000000000000     
   0.0000000000000000        0.0000000000000000        0.0000000000000000     
   100.00000000000000        0.0000000000000000        0.0000000000000000     
   0.0000000000000000        100.00000000000000        0.0000000000000000     
   0.0000000000000000        0.0000000000000000        100.00000000000000     
           1
          90
           1
           1
   49.844852000000003        49.761031500000001        49.934326200000001     
   50.800084800000000        48.887515700000002        49.295321100000002     
   52.219461699999997        49.354662200000000        49.261182300000002     
   53.130266499999998        48.549373500000002        48.957455400000001     
   50.438194799999998        48.718494499999998        47.762957399999998     
   49.049309600000001        48.146084700000003        47.515887499999998     
   48.603517500000002        48.386150200000003        46.077064000000000     
   48.499460999999997        49.750076800000002        45.631441899999999     
   48.648758000000001        50.043647700000001        44.309305100000003     
   48.385616300000002        51.275562499999999        43.829880500000002     
   49.333502699999997        49.222117900000001        43.456528900000002     
   50.023033599999998        50.111324000000003        50.923982700000003     
   48.893465800000001        49.333050299999996        49.906459200000000     
   49.767031400000000        50.627344100000002        49.383686500000003     
   48.455337200000002        50.480596599999998        46.309012199999998     
   48.373572099999997        51.388986899999999        42.794582200000001     
   48.127035399999997        52.079072099999998        44.456749899999998     
   49.486744000000002        49.372052600000004        42.443896600000002     
   49.883767499999998        48.483063000000001        43.795314099999999     
   52.803834999999999        50.554164999999998        49.539075300000000     
   52.246599099999997        51.656553400000000        50.330035799999997     
   53.059168100000001        51.719357500000001        51.660335900000000     
   53.719168600000003        52.698942299999999        51.910837000000001     
   52.524803599999998        52.937873799999998        49.533880500000002     
   53.728497900000001        50.719554199999997        49.240636000000002     
   53.022314799999997        50.628916300000000        52.315263799999997     
   53.713736900000001        50.361867699999998        53.597440100000000     
   54.947268899999997        51.187938799999998        54.080932900000001     
   56.019283700000003        50.893503299999999        53.513354900000003     
   54.038760699999997        48.900895300000002        53.616939100000003     
   54.777916400000002        48.316778800000002        54.833593700000002     
   54.453211000000003        48.726318800000001        55.994562999999999     
   55.705953200000003        47.515918499999998        54.727604700000001     
   52.650516500000002        49.901711100000000        51.769171399999998     
   54.676892299999999        52.046520100000002        55.131279499999998     
   55.614293799999999        53.044711700000001        55.666332300000001     
   55.621583000000001        54.363330400000002        54.913919800000002     
   54.859062600000001        55.282882200000003        55.254483200000003     
   53.795068200000003        52.025593999999998        55.539218300000002     
   56.563628299999998        54.462461900000001        53.886016599999998     
   57.605277600000001        53.487542200000000        53.619797599999998     
   58.796844800000002        54.187156799999997        54.293029699999998     
   59.258775499999999        53.649411800000003        55.314230799999997     
   57.950232800000002        53.341239999999999        52.166699299999998     
   56.538059500000003        55.257820100000004        53.241621600000002     
   59.258054500000000        55.310336200000002        53.746939300000001     
   60.317304100000001        56.122539300000000        54.294075599999999     
   59.813096700000003        56.969241599999997        55.493777700000003     
   58.719872400000000        56.816445700000003        56.042408999999999     
   61.642296100000003        55.418575300000001        54.539964500000004     
   62.409923100000000        54.753476599999999        53.357647200000002     
   63.649630299999998        54.151533600000000        54.005802899999999     
   64.511405300000007        55.215022599999998        54.403618000000002     
   65.541284599999997        55.534089500000000        53.598655700000002     
   66.643520800000005        56.151743799999998        54.021070500000000     
   65.416273399999994        55.354295899999997        52.326737299999998     
   58.814340399999999        55.712576700000000        53.016458200000002     
   64.118960200000004        55.651436599999997        55.243392399999998     
   67.298117599999998        56.497183200000002        53.326250999999999     
   66.966845300000003        56.287755900000001        54.977576900000003     
   66.202059899999995        55.658526299999998        51.838098500000001     
   64.552047099999996        55.082826599999997        51.886394500000002     
   60.685799099999997        57.835827700000003        55.915202000000001     
   60.662748600000000        58.431892400000002        57.222678700000003     
   61.377656399999999        57.486409000000002        58.131860500000002     
   62.600329799999997        57.246074200000002        58.037820699999997     
   61.280909700000002        59.828396099999999        57.210421199999999     
   61.542037700000002        60.499447099999998        58.548583600000001     
   60.421158800000001        60.748864900000001        56.368388000000003     
   62.728368199999998        61.494823099999998        58.619983599999998     
   61.499571299999999        58.004216499999998        55.364564199999997     
   60.536738100000001        56.870403300000000        58.948067500000001     
   60.984231500000000        55.941678500000002        59.983451000000002     
   60.757320900000003        56.532815900000003        61.409950400000000     
   59.735533599999997        57.176191299999999        61.580244499999999     
   60.321452999999998        54.618709600000003        59.767751599999997     
   60.924383700000000        53.544638800000001        58.834835699999999     
   60.701640699999999        52.360634900000001        59.060896700000001     
   61.438583700000002        53.814991100000000        57.767844199999999     
   59.567011399999998        56.917610000000003        58.762708300000000     
   61.533619799999997        56.465603600000001        62.463104700000002     
   62.932243100000001        56.112943799999996        62.239895500000003     
   63.940759100000001        57.112700799999999        61.734071299999997     
   63.579179799999999        58.310333900000003        61.837433799999999     
   63.525819400000003        55.317217700000000        63.504764100000003     
   63.240789599999999        53.817999299999997        63.553889800000000     
   63.064718100000000        55.950310000000002        64.746776199999999     
   63.539305800000001        53.115443499999998        62.261975000000000     
   65.000021700000005        56.727528599999999        61.238392800000000     
   61.129224499999999        56.625705500000002        63.386060899999997     
