 2
 10 1
  0.5  0.5  0.5
  0.5  1.  1.
  0.05  0.05  0.05
  0.5  0.5  0.5
  1.  0.5  0.5
  0.1  0.05  0.1
  0.1
  1000.  0.  0.
  0.  1000.  0.
  0.  0.  1000.
 3
 2
 1 596
 1 1 2
 1 1 1
  795.243053  833.817151  518.120366
  500.  499.908121  500.094608
  821.995557  506.661879  504.703136
  821.287727  505.378196  504.66572
  820.766951  505.008332  503.285557
  821.123907  505.724459  502.306389
  820.170064  505.196337  505.720721
  820.760964  505.547903  507.07614
  822.47126  504.854693  507.266645
  823.39679  506.007924  508.358308
  821.429958  507.487467  504.851242
  822.625112  506.804918  503.915423
  822.516274  506.686885  505.580548
  822.047834  504.702744  504.949921
  819.448376  505.971222  505.469716
  819.824166  504.142422  505.679551
  820.79595  506.588669  507.362295
  820.090658  505.324939  507.903874
  824.449775  505.910175  508.174747
  823.15838  506.976325  507.922578
  823.091185  505.838807  509.424746
  820.002138  503.929244  503.194701
  819.426628  503.64365  501.942915
  818.109224  502.940743  501.924459
  817.903521  501.986803  502.613391
  820.386593  502.877417  501.067073
  821.609978  503.694216  500.679973
  822.59567  502.843814  499.861922
  821.188916  504.949684  499.877999
  819.738821  503.503519  504.055516
  819.218016  504.673305  501.48827
  819.836679  502.62434  500.160993
  820.64184  501.944195  501.51627
  821.995169  503.9213  501.663385
  823.537519  503.410977  499.769429
  822.177464  502.745829  498.835638
  822.679886  501.733448  500.088528
  820.351623  505.364309  500.327159
  820.880816  504.584809  498.930167
  821.96776  505.645423  499.821995
  817.165384  503.381793  501.132703
  817.334032  504.259867  499.943595
  815.959618  504.789489  499.695397
  815.863952  505.986615  499.425539
  817.769766  503.545309  498.721339
  817.675187  504.495802  497.694302
  816.232744  502.942719  501.304503
  818.00227  505.080429  500.171427
  817.160131  502.728282  498.643334
  818.729214  503.049091  498.802102
  817.053683  505.199016  497.888065
  814.891204  504.011317  499.558553
  813.621356  504.520502  499.105948
  812.404174  503.861198  499.800419
  812.477553  502.661652  500.05127
  813.497184  504.396786  497.558532
  814.605529  505.140591  496.932942
  815.441242  504.32121  496.461539
  814.689038  506.366636  497.021654
  814.817756  503.026124  499.863094
  813.602246  505.540263  499.344455
  813.511567  503.304712  497.354364
  812.525446  504.742184  497.294399
  811.387625  504.639676  500.12614
  810.327004  504.141721  500.952234
  808.939258  504.094009  500.418204
  808.491911  505.047822  499.758017
  810.161137  505.052731  502.171213
  811.51607  504.972063  502.993795
  811.644358  505.867601  504.267657
  810.558749  506.150027  504.762382
  812.803472  506.202941  504.599813
  811.373475  505.590564  499.840985
  810.532755  503.106295  501.259575
  809.328985  504.654236  502.686952
  810.03129  506.101819  501.866784
  812.481937  505.110744  502.389912
  811.581093  503.957733  503.426678
  808.336754  502.96675  500.688876
  807.142873  502.639639  499.978846
  805.954252  502.906631  500.851464
  804.874731  503.344532  500.301162
  807.21246  501.15746  499.493829
  808.345082  500.92344  498.501083
  808.127285  500.952857  497.242169
  809.393324  500.558312  499.10799
  808.625933  502.243945  501.408688
  806.94121  503.218975  499.011786
  807.399978  500.44287  500.307715
  806.265551  500.828097  498.964398
  805.964394  502.47528  502.117139
  804.706097  502.353589  502.83696
  804.674097  503.009038  504.261605
  805.773223  503.085878  504.863896
  804.350663  500.883769  503.041709
  803.864873  500.176381  501.74415
  804.597018  499.090416  501.147766
  802.715228  500.63705  501.060948
  803.946239  498.297653  500.263623
  802.241252  499.987703  499.990882
  802.926826  498.787666  499.585186
  806.709621  501.890798  502.460087
  803.859615  502.787582  502.436451
  805.15989  500.32218  503.552659
  803.449849  500.991473  503.647369
  805.621616  498.968958  501.400903
  802.142622  501.460322  501.463686
  804.517589  497.46292  499.916433
  801.42087  500.395424  499.421745
  802.57548  498.253617  498.675326
  803.494264  503.242158  504.854614
  803.37962  503.910731  506.107721
  802.318923  503.231768  507.02185
  801.249567  502.824647  506.495085
  802.77844  505.277135  505.810911
  801.335991  505.346522  505.333773
  800.914588  506.738411  504.998146
  801.579058  507.079872  503.739159
  801.000469  508.260942  503.178266
  802.685808  503.156846  504.31118
  804.253186  503.90088  506.693506
  802.966615  505.871759  506.77237
  803.405008  505.7411  505.01373
  801.237456  504.630293  504.502666
  800.708395  504.967029  506.130835
  799.871267  506.672201  504.831807
  801.202833  507.455634  505.774479
  802.672624  507.032477  503.99694
  801.501055  506.311798  502.997157
  800.119409  507.925003  502.724881
  801.730141  508.726223  502.670339
  800.813261  508.844887  503.926271
  802.59278  503.312594  508.350937
  801.721259  502.827895  509.352888
  802.2319  501.591079  509.980319
  803.140917  500.995564  509.51128
  800.249767  502.769735  508.867847
  803.432665  503.790966  508.74002
  801.760484  503.582655  510.088626
  799.66632  502.459199  509.695358
  799.99846  503.888249  508.55817
  800.083228  502.041778  508.128012
  801.69414  501.224613  511.117663
  802.173677  500.251486  511.979892
  800.907534  499.494508  512.398408
  800.305455  500.021896  513.335705
  802.905831  500.90268  513.146602
  804.24908  501.490867  512.53003
  803.086989  499.758311  514.133413
  800.895325  501.614184  511.614682
  802.758373  499.597951  511.3125
  802.23462  501.659447  513.549499
  804.042536  502.19987  511.727564
  804.796209  502.034709  513.363573
  804.989857  500.747783  512.209972
  803.432004  498.887644  513.593332
  802.074345  499.549203  514.623062
  803.845733  499.962887  514.854184
  800.455549  498.415136  511.694873
  799.317767  497.661426  512.133777
  799.504846  496.16878  511.927126
  799.889964  495.795379  510.836581
  798.054465  498.010608  511.362112
  797.452895  499.402768  511.696209
  796.466827  499.468519  512.734816
  798.026938  500.568551  511.219817
  796.336396  500.655862  513.491045
  797.507097  501.802985  511.565609
  796.890191  501.791558  512.869121
  801.08193  498.124507  510.950672
  799.130694  497.916921  513.169893
  798.168801  497.989204  510.270933
  797.379262  497.163469  511.361665
  796.290511  498.504061  513.238581
  798.762612  500.460194  510.44867
  796.15366  500.5339  514.491687
  798.137397  502.487787  510.965504
  796.872918  502.765461  513.373851
  799.198891  495.412382  512.977778
  798.97392  494.026539  512.761808
  799.966234  493.140041  513.489461
  800.033686  493.084571  514.710844
  798.519338  495.737493  513.67965
  798.954321  493.734285  511.720477
  798.018437  493.742965  513.239702
  800.687468  492.37693  512.611199
  801.755902  491.428604  512.96387
  803.18468  491.95108  512.772512
  803.514618  492.484831  511.650182
  801.53613  490.230532  512.067008
  802.162549  488.903103  512.498924
  801.560031  488.1552  513.958534
  802.234503  486.486457  513.595905
  800.513966  492.401628  511.603619
  801.620183  491.104979  514.026564
  801.832891  490.322837  511.008988
  800.470625  489.929375  511.997902
  802.165815  488.262794  511.669659
  803.196691  488.827162  512.695395
  802.010987  485.870494  514.453025
  803.299359  486.583246  513.564861
  801.728068  486.018388  512.759043
  804.025349  491.867548  513.767912
  805.395673  492.270089  513.716973
  806.442825  491.24963  513.227816
  807.525132  491.61453  512.760224
  805.939251  492.414581  515.159622
  806.255327  491.225935  515.888155
  807.321467  493.151913  515.135009
  803.724881  491.386858  514.659549
  805.432031  493.301113  513.482456
  805.280575  492.861011  515.924845
  807.047792  490.764848  515.571682
  807.639332  493.604934  516.042778
  807.50383  494.065055  514.516851
  808.214473  492.428347  515.09409
  806.061721  489.968955  513.390895
  806.760603  488.737885  513.254389
  805.890212  487.846419  512.398885
  804.94392  487.198268  512.958003
  807.099619  488.145271  514.59767
  807.517928  486.697081  514.522215
  808.757145  486.477094  513.623246
  808.348051  486.451296  512.226333
  809.089895  487.028909  511.276138
  808.854146  486.682983  510.033993
  810.154424  487.757264  511.628918
  805.115405  489.855153  513.682363
  807.702119  488.861889  512.628748
  807.928664  488.682671  515.080789
  806.180988  488.123008  515.166907
  806.792597  486.019341  514.082883
  807.835969  486.347279  515.498892
  809.352551  487.36971  513.871417
  809.455555  485.685864  513.873825
  807.578804  485.796709  511.993342
  809.527416  486.940588  509.355343
  808.108952  486.036423  509.729224
  810.115731  488.042214  512.625571
  810.592659  488.269507  510.957043
  806.106079  487.763117  511.072916
  805.344504  486.888631  510.135976
  806.134446  486.682687  508.815999
  806.364186  487.65631  508.099991
  804.045506  487.575926  509.802644
  803.495212  486.903674  508.730284
  806.860654  488.190411  510.575439
  805.180479  485.948068  510.616252
  803.377029  487.477015  510.657645
  804.219832  488.636128  509.521399
  802.564074  487.077774  508.749699
  806.305927  485.377752  508.381672
  806.032005  484.142689  509.206251
  806.985149  483.043445  508.922681
  807.375735  482.721416  507.794568
  804.618157  483.487949  508.99758
  806.865715  485.313708  507.497611
  805.936921  484.419376  510.275207
  804.467582  483.012688  507.965886
  804.5456  482.730645  509.759643
  803.809561  484.224173  509.130161
  807.452849  482.42323  509.996493
  807.991257  481.065707  510.057034
  807.078657  480.196636  510.872088
  806.297488  480.743274  511.634371
  809.432368  481.106948  510.645463
  809.378709  481.398491  512.161039
  809.30666  482.67147  512.642653
  809.779726  480.379695  513.079863
  809.272172  482.826691  514.019116
  810.071259  480.695824  514.432922
  809.717224  481.979036  514.965137
  807.352347  482.841272  510.951728
  807.997325  480.699368  508.99358
  809.830746  480.119907  510.451415
  809.931364  481.878981  509.998314
  809.532702  483.436914  511.904628
  809.924501  479.407895  512.805653
  809.027073  483.750313  514.482868
  810.333479  479.943693  515.124723
  809.761364  482.182811  515.975578
  806.998897  478.856916  510.770673
  807.964082  478.11215  509.884927
  807.211403  477.012132  509.059603
  806.984746  477.086171  507.834847
  809.027108  477.516222  510.71085
  806.252498  478.488357  511.36674
  808.379635  478.753901  509.175165
  809.584524  476.695152  510.190979
  809.709471  478.223688  511.150558
  808.404353  477.209734  511.559747
  806.554097  476.032002  509.750655
  805.632829  475.059659  509.177463
  805.729766  473.713569  509.948471
  804.923909  473.567966  510.892842
  805.812887  474.897892  507.640393
  805.703152  476.224554  506.850192
  806.470468  476.486938  505.903247
  804.646163  476.982849  507.279479
  806.477157  476.066726  510.778349
  804.600669  475.238372  509.337174
  806.77401  474.506665  507.447463
  805.061366  474.284018  507.208752
  804.471455  477.855894  506.760749
  803.995047  476.676957  507.942395
  806.713038  472.868347  509.588873
  807.248703  471.779448  510.397661
  808.745462  471.676416  509.875818
  809.588989  472.269724  510.464564
  806.394855  470.613234  510.053847
  805.112592  471.022095  510.834931
  805.545083  470.938909  512.291251
  803.955217  470.110892  510.48308
  807.372957  473.223472  508.852195
  807.0755  472.075307  511.427349
  806.755101  469.585115  510.398654
  806.250278  470.700546  509.020395
  804.808715  472.022099  510.484713
  806.011671  469.972296  512.42519
  804.553198  471.04005  512.745572
  806.203364  471.706157  512.591988
  803.195216  470.23552  511.240479
  803.611744  470.314065  509.472623
  804.305873  469.076125  510.485866
  808.965621  470.953007  508.747546
  808.141199  469.795728  508.433016
  808.084402  468.974441  509.717484
  808.493759  469.355501  510.782661
  809.111336  469.104669  507.348484
  810.457882  469.888833  507.191401
  810.289687  471.039271  508.172415
  807.140257  470.19114  508.16735
  808.407277  469.213878  506.527957
  809.326156  468.131937  507.738202
  810.724757  470.40595  506.273042
  811.266894  469.261055  507.658091
  810.379775  472.016714  507.700716
  811.029435  470.862275  508.968728
  807.394321  467.828588  509.455833
  806.76153  467.081058  510.53704
  807.215544  465.696125  510.294764
  808.06248  465.247836  511.104909
  805.219558  467.172193  510.54439
  805.001606  468.639371  510.934294
  805.049324  469.649417  509.739128
  803.546745  468.615632  511.561325
  806.889336  467.75443  508.602688
  807.105502  467.553185  511.442891
  804.835116  466.464565  511.244216
  804.824749  466.806043  509.59207
  805.735408  468.915345  511.644309
  806.037334  469.747263  509.444439
  804.654428  470.566981  510.020795
  804.396641  469.303854  508.893409
  802.783707  468.748787  510.749606
  803.50712  469.30634  512.351694
  803.339474  467.652924  511.968032
  806.710041  464.983505  509.256217
  806.864116  463.587087  508.934643
  807.748996  463.354616  507.706119
  807.633329  464.100879  506.723597
  805.488209  463.013303  508.559335
  804.614342  462.741493  509.768858
  804.775298  461.773205  510.719286
  803.555887  463.576373  510.378721
  804.208616  462.294074  511.989851
  803.513929  463.443058  511.83073
  803.17861  464.827761  509.79124
  803.223189  464.534661  512.749686
  802.613832  465.857593  510.538319
  802.562677  465.661065  511.925563
  806.079104  465.419603  508.64878
  807.229248  462.983609  509.827971
  805.218822  463.638307  507.744957
  805.728245  461.997543  508.244903
  805.607337  461.05314  510.608929
  804.387703  461.956037  512.934277
  803.575368  465.203889  508.89221
  803.302776  464.234223  513.785997
  802.009231  466.594689  509.969666
  801.937708  466.336625  512.536714
  808.768968  462.479261  507.833962
  808.963485  461.670479  509.037612
  810.123021  460.742306  509.1412
  810.86422  460.453201  508.165975
  807.876554  460.734195  509.10303
  807.700004  459.89218  507.861727
  806.286307  459.334222  507.878449
  806.387991  457.995954  507.062085
  805.026732  457.343419  506.755019
  809.560868  462.679589  507.284287
  809.045958  462.269916  509.95406
  807.903434  460.05657  509.923167
  806.987786  461.294813  509.367715
  808.345386  459.006016  508.080937
  807.914647  460.473585  506.990295
  805.774053  460.148761  507.336302
  805.837802  459.216461  508.931839
  807.113841  457.284541  507.441259
  806.803635  458.332624  506.072926
  804.70364  456.658266  507.419751
  804.997367  457.070855  505.762005
  804.3359  458.077106  506.780999
  810.350946  460.330623  510.412008
  811.637679  459.761837  510.790876
  811.54118  458.649301  511.829223
  810.883154  458.589009  512.901672
  812.5696  460.819641  511.394441
  811.884279  461.485907  512.565788
  812.905443  462.40425  513.218459
  813.527864  462.117833  514.219426
  813.039375  463.574977  512.617312
  809.818606  460.80875  511.140033
  812.11685  459.252583  509.933585
  813.587842  460.436141  511.733524
  812.786737  461.541565  510.683646
  811.691549  460.731527  513.308582
  810.993348  462.027477  512.200865
  813.576152  464.302687  513.043211
  812.667217  463.838921  511.699997
  812.215213  457.524633  511.573949
  812.327224  456.45105  512.58283
  813.812839  456.199899  512.841833
  814.561594  455.96784  511.916153
  811.744344  455.1504  512.052444
  810.280761  455.429044  511.700021
  809.515886  455.833403  512.989452
  809.842006  455.481108  514.110278
  808.412744  456.597397  512.767451
  812.724032  457.412686  510.692861
  811.71618  456.721008  513.480985
  811.737579  454.65507  513.061999
  812.315455  454.704918  511.290674
  810.328041  456.077884  510.825048
  809.929054  454.458038  511.406874
  807.942782  456.869287  513.600977
  808.23654  457.067508  511.894627
  814.058441  455.934842  514.100498
  813.65719  456.889533  515.143602
  812.426515  456.340544  515.969819
  811.982174  455.240365  515.661682
  813.171905  458.262619  514.588706
  814.031767  458.718784  513.419464
  813.985447  458.201824  512.294432
  814.828942  459.743949  513.509303
  815.023688  455.659744  514.104191
  814.494068  457.008205  515.899127
  812.97548  458.951753  515.363173
  812.190884  458.192211  514.227323
  815.323151  460.022273  512.702627
  814.666599  460.406263  514.286041
  812.145715  457.074969  517.046643
  810.927549  456.81878  517.879146
  810.260417  458.162125  518.198926
  810.986094  458.961409  518.771548
  811.371366  455.88991  519.025014
  811.610529  454.424882  518.641077
  810.240638  453.789434  518.333195
  812.468033  453.758804  519.703563
  812.791835  457.749846  517.286621
  810.272264  456.264277  517.183025
  810.773935  456.081178  519.918906
  812.288709  456.155928  519.5412
  812.228132  454.38791  517.741558
  809.809891  454.106518  517.405392
  810.299481  452.677401  518.341761
  809.586037  454.030013  519.209666
  813.522907  453.943413  519.530775
  812.332691  454.083117  520.794775
  812.336858  452.627464  519.669386
  808.957321  458.313622  517.941719
  808.239215  459.500352  517.932755
  807.2503  459.391778  519.050428
  806.396177  458.478597  519.040338
  807.813589  459.67871  516.518681
  806.93715  458.582396  516.031046
  806.724717  458.830083  514.531028
  806.109652  460.159915  514.117092
  806.111663  460.209238  512.647644
  808.591408  457.620432  517.388318
  808.95941  460.203998  518.200879
  807.269795  460.663646  516.464131
  808.688795  459.58977  515.889777
  807.445439  457.590364  516.248827
  806.111194  458.63177  516.711239
  806.161223  458.031167  514.151811
  807.669723  458.728731  514.020011
  806.572922  461.018977  514.703853
  805.062829  460.114051  514.472261
  807.108305  460.425352  512.40661
  805.699197  459.308698  512.33876
  805.461889  460.971644  512.38472
  807.367427  460.239427  520.030375
  806.322868  460.443039  521.003985
  806.411532  461.851472  521.549843
  807.195448  462.654873  521.061206
  806.473455  459.427971  522.206883
  807.897764  459.650998  522.801896
  808.001237  459.037232  524.11091
  807.253349  459.742686  525.220889
  807.275203  458.978805  526.501152
  808.028071  460.982679  519.895651
  805.299732  460.215895  520.563757
  805.568622  459.603405  522.829152
  806.22866  458.381858  521.891545
  808.16904  460.679943  522.815176
  808.626637  459.16712  522.120007
  809.097958  459.035996  524.348471
  807.692174  457.972767  524.163936
  807.619441  460.790634  525.215125
  806.219337  459.713942  524.925884
  806.826802  459.506491  527.203247
  806.791882  458.136052  526.339548
  808.183792  458.720069  526.77605
  805.529297  462.184112  522.515636
  805.652959  463.501165  523.168704
  806.529112  463.477671  524.447706
  806.353015  462.605534  525.305038
  804.319651  464.122077  523.605287
  803.375376  464.475416  522.427689
  801.964224  464.861505  522.908113
  801.259368  463.96599  523.389963
  801.658118  466.062158  522.762739
  804.762296  461.547967  522.680678
  806.063597  464.259323  522.48248
  804.60198  464.959757  524.215578
  803.73049  463.444251  524.167177
  803.818755  465.319125  521.818718
  803.087666  463.489781  521.996049
  807.522385  464.382489  524.545538
  808.118246  465.189093  523.408884
  809.555619  465.569488  523.555865
  810.167565  465.505029  524.600453
  807.421547  466.520003  523.39737
  807.672171  467.110216  521.998558
  806.859909  468.404477  521.865165
  807.261094  469.211419  520.689775
  806.592014  468.78266  519.472446
  808.166913  464.3235  525.337321
  808.033035  464.565634  522.522725
  807.952222  467.021408  524.233619
  806.330842  466.443785  523.556958
  807.262401  466.344759  521.315921
  808.722185  467.271971  521.767421
  805.772868  468.207477  521.911228
  807.049076  468.941151  522.790809
  806.999632  470.249021  520.851695
  808.356792  469.245894  520.627395
  806.878465  467.854584  519.256035
  805.589302  468.886457  519.59849
  806.800586  469.393548  518.681731
  809.990941  466.167885  522.516082
  810.73446  467.379631  522.501104
  811.126182  467.664763  521.035617
  810.980278  468.823138  520.645558
  809.16066  466.254041  521.937626
  810.069014  468.148765  522.941371
  811.620433  467.147498  523.145121
  811.622177  466.6883  520.317271
  812.414628  466.950197  519.09269
  811.676686  466.605884  517.795134
  810.623246  466.008217  517.858875
  813.74709  466.201179  519.168454
  814.517001  466.514019  520.421259
  815.863959  465.903557  520.176432
  814.011321  465.761264  521.641326
  811.855237  465.777703  520.61216
  812.519438  468.050243  519.190442
  813.557573  465.158758  519.192964
  814.394035  466.458183  518.321445
  814.538287  467.55577  520.67502
  816.576572  466.057486  521.036074
  816.402413  466.275517  519.331542
  815.730289  464.84954  519.981029
  813.917613  464.648979  521.4954
  813.200181  466.290209  522.096524
  814.713829  465.918216  522.456627
  812.188665  466.963974  516.615768
  811.715391  466.48979  515.325344
  812.473363  467.045637  514.114611
  812.576531  466.335679  513.125496
  810.25434  466.901196  515.156795
  809.660854  466.240387  513.861297
  808.415817  466.808143  513.365653
  809.877752  464.871039  513.612579
  807.322125  466.046913  513.405394
  808.720903  464.182329  513.088029
  807.433799  464.671824  513.266123
  813.053298  468.180279  514.202036
  813.057011  467.494476  516.468543
  811.917413  465.412195  515.271562
  810.287418  467.989643  514.990385
  809.779396  466.531478  516.0651
  808.120362  467.900734  513.5209
  810.640205  464.330418  514.151426
  806.411654  466.563291  513.487134
  808.87534  463.089665  512.916083
  806.525608  464.062979  513.291057
