towhee_ff Version
          15
Number of Nonbonded Types
           1
Potential Type
Embedded Atom Method          
Classical Mixrule
Explicit                      
Atom Type Number
           1
eam_pair_style
table               
table_pair
           1           1         120
table_pair_data
    0.2400000000E+01     0.5610913554E+04
    0.2450000000E+01     0.4081307922E+04
    0.2500000000E+01     0.2876696489E+04
    0.2550000000E+01     0.1470063204E+04
    0.2600000000E+01     0.1475784197E+04
    0.2650000000E+01     0.7704959585E+03
    0.2700000000E+01     0.5512159693E+03
    0.2750000000E+01     0.1873677544E+03
    0.2800000000E+01    -0.9608692652E+01
    0.2850000000E+01    -0.2074898690E+03
    0.2900000000E+01    -0.3482599585E+03
    0.2950000000E+01    -0.4689195379E+03
    0.3000000000E+01    -0.5624490759E+03
    0.3050000000E+01    -0.6348863675E+03
    0.3100000000E+01    -0.6822893812E+03
    0.3150000000E+01    -0.7116428349E+03
    0.3200000000E+01    -0.7150649869E+03
    0.3250000000E+01    -0.7034303664E+03
    0.3300000000E+01    -0.6824170301E+03
    0.3350000000E+01    -0.6548982398E+03
    0.3400000000E+01    -0.6503968740E+03
    0.3450000000E+01    -0.6562838110E+03
    0.3500000000E+01    -0.6716179299E+03
    0.3550000000E+01    -0.6739063272E+03
    0.3600000000E+01    -0.6671188850E+03
    0.3650000000E+01    -0.6544038902E+03
    0.3700000000E+01    -0.6449300181E+03
    0.3750000000E+01    -0.6289831843E+03
    0.3800000000E+01    -0.6137012854E+03
    0.3850000000E+01    -0.5906455661E+03
    0.3900000000E+01    -0.5667067482E+03
    0.3950000000E+01    -0.5360257455E+03
    0.4000000000E+01    -0.5144611980E+03
    0.4050000000E+01    -0.4860801970E+03
    0.4100000000E+01    -0.4593400652E+03
    0.4150000000E+01    -0.4271098686E+03
    0.4200000000E+01    -0.3964845672E+03
    0.4250000000E+01    -0.3581086544E+03
    0.4300000000E+01    -0.3256440478E+03
    0.4350000000E+01    -0.2993274784E+03
    0.4400000000E+01    -0.2644317398E+03
    0.4450000000E+01    -0.2364104768E+03
    0.4500000000E+01    -0.2040886050E+03
    0.4550000000E+01    -0.1779170912E+03
    0.4600000000E+01    -0.1522840238E+03
    0.4650000000E+01    -0.1336809316E+03
    0.4700000000E+01    -0.1135783125E+03
    0.4750000000E+01    -0.9504008918E+02
    0.4800000000E+01    -0.7551989738E+02
    0.4850000000E+01    -0.5678381820E+02
    0.4900000000E+01    -0.4010439552E+02
    0.4950000000E+01    -0.2179466380E+02
    0.5000000000E+01    -0.4933538657E+01
    0.5050000000E+01     0.1282500495E+02
    0.5100000000E+01     0.2574922793E+02
    0.5150000000E+01     0.3860660929E+02
    0.5200000000E+01     0.4308163296E+02
    0.5250000000E+01     0.4979689550E+02
    0.5300000000E+01     0.5232840605E+02
    0.5350000000E+01     0.5270462229E+02
    0.5400000000E+01     0.5056928763E+02
    0.5450000000E+01     0.5068950972E+02
    0.5500000000E+01     0.4835550689E+02
    0.5550000000E+01     0.4302755622E+02
    0.5600000000E+01     0.4050324043E+02
    0.5650000000E+01     0.3928372889E+02
    0.5700000000E+01     0.3450443657E+02
    0.5750000000E+01     0.3113891427E+02
    0.5800000000E+01     0.2840513817E+02
    0.5850000000E+01     0.2463786985E+02
    0.5900000000E+01     0.1933463666E+02
    0.5950000000E+01     0.1117207883E+02
    0.6000000000E+01     0.4832545137E+01
    0.6050000000E+01    -0.4040715560E+01
    0.6100000000E+01    -0.1745819725E+02
    0.6150000000E+01    -0.2697303312E+02
    0.6200000000E+01    -0.3849114502E+02
    0.6250000000E+01    -0.5001413079E+02
    0.6300000000E+01    -0.5979343205E+02
    0.6350000000E+01    -0.6612400711E+02
    0.6400000000E+01    -0.7363742366E+02
    0.6450000000E+01    -0.7908130278E+02
    0.6500000000E+01    -0.8159354994E+02
    0.6550000000E+01    -0.8364417213E+02
    0.6600000000E+01    -0.8785797965E+02
    0.6650000000E+01    -0.9158869395E+02
    0.6700000000E+01    -0.9284000169E+02
    0.6750000000E+01    -0.9624231009E+02
    0.6800000000E+01    -0.9934893713E+02
    0.6850000000E+01    -0.1011918397E+03
    0.6900000000E+01    -0.1027959227E+03
    0.6950000000E+01    -0.1037704643E+03
    0.7000000000E+01    -0.1055473375E+03
    0.7050000000E+01    -0.1039165643E+03
    0.7100000000E+01    -0.1033470179E+03
    0.7150000000E+01    -0.1025859982E+03
    0.7200000000E+01    -0.9648437890E+02
    0.7250000000E+01    -0.9243581873E+02
    0.7300000000E+01    -0.8672283244E+02
    0.7350000000E+01    -0.8073748974E+02
    0.7400000000E+01    -0.7751655888E+02
    0.7450000000E+01    -0.7012324837E+02
    0.7500000000E+01    -0.6501357739E+02
    0.7550000000E+01    -0.5991353810E+02
    0.7600000000E+01    -0.5622889345E+02
    0.7650000000E+01    -0.5304741771E+02
    0.7700000000E+01    -0.4762616727E+02
    0.7750000000E+01    -0.4479386941E+02
    0.7800000000E+01    -0.4045067228E+02
    0.7850000000E+01    -0.3386085383E+02
    0.7900000000E+01    -0.2882603154E+02
    0.7950000000E+01    -0.2333271747E+02
    0.8000000000E+01    -0.1866830920E+02
    0.8050000000E+01    -0.1383145881E+02
    0.8100000000E+01    -0.6201521986E+01
    0.8150000000E+01    -0.1853949981E+01
    0.8200000000E+01     0.2124704985E+02
    0.8250000000E+01     0.2124867447E+02
    0.8300000000E+01     0.2125018305E+02
    0.8350000000E+01     0.0000000000E+00
eam_ndens
           1           1           2
eam_dens_style
exponential         
eam_dens_data
    0.0000000000E+00     0.4798600000E+01
    0.9010000000E+01    -0.1309500000E+01
eam_embed
           1           5
eam_embed_style
Belashchenko        
eam_embed_data
    0.0000000000E+00    -0.1889204297E+04
    0.0000000000E+00     0.8210147446E+04
    0.0000000000E+00     0.1581686399E+05
   -0.1293571139E+04    -0.6629041491E+03
    0.8000000000E+00     0.1000000000E+01
Mass
    0.2005900000E+03
Element
Hg
Bond Pattern
null 
Base Charge 
    0.0000000000E+00
Polarizability
    0.1000000000E+01
Force Field Name
Belash2006
Atom Names
Hg        
Hg        
Hg        
Hg        
Number of Bonded Terms
           0
Number of Angle Terms
           0
Number of Torsion Terms
           0
Number of Improper Terms
           0
Number of Angle-Angle Terms
           0
Number of One-Five Types
           0
Number of Bond Increments
           0
