 4
 100000 2
  0.5
  0.675779569
  0.05
  0.5
  4.98529279
  0.05
  0.0220120028  0.1
  1.  1.  1.
  1.  1.  1.
  1.  1.  1.
  0.  0.  0.
  0.  0.  0.
  0.  0.  0.
  21.927767  0.  0.
  0.  21.927767  0.
  0.  0.  21.927767
  124.145838  0.  0.
  0.  124.145838  0.
  0.  0.  124.145838
 800
 1
 1
 1 1 1 1 1 1 1 1 1 1 1 1 1 1 1 1 1 1 1 1 1 1 1 1 1 1 1 1 1 1 1 1 1 1 1 1 1 1 1 1
 1 1 1 1 1 1 1 1 1 1 1 1 1 1 1 1 1 1 1 1 1 1 1 1 1 1 1 1 1 1 1 1 1 1 1 1 1 1 1 1
 1 1 1 1 1 1 1 1 1 1 1 1 1 1 1 1 1 1 1 1 1 1 1 1 1 1 1 1 1 1 1 1 1 1 1 1 1 1 1 1
 1 1 1 1 1 1 1 1 1 1 1 1 1 1 1 1 1 1 1 1 1 1 1 1 1 1 1 1 1 1 1 1 1 1 1 1 1 1 1 1
 1 1 1 1 1 1 1 1 1 1 1 1 1 1 1 1 1 1 1 1 1 1 1 1 1 1 1 1 1 1 1 1 1 1 1 1 1 1 1 1
 1 1 1 1 1 1 1 1 1 1 1 1 1 1 1 1 1 1 1 1 1 1 1 1 1 1 1 1 1 1 1 1 1 1 1 1 1 1 1 1
 1 1 1 1 1 1 1 1 1 1 1 1 1 1 1 1 1 1 1 1 1 1 1 1 1 1 1 1 1 1 1 1 1 1 1 1 1 1 1 1
 1 1 1 1 1 1 1 1 1 1 1 1 1 1 1 1 1 1 1 1 1 1 1 1 1 1 1 1 1 1 1 1 1 1 1 1 1 1 1 1
 1 1 1 1 1 1 1 1 1 1 1 1 1 1 1 1 1 1 1 1 1 1 1 1 1 1 1 1 1 1 1 1 1 1 1 1 1 1 1 1
 1 1 1 1 1 1 1 1 1 1 1 1 1 1 1 1 1 1 1 1 1 1 1 1 1 1 1 1 1 1 1 1 1 1 1 1 1 1 1 1
 1 1 1 1 1 1 1 1 1 1 1 1 1 1 1 1 1 1 1 1 1 1 1 1 1 1 1 1 1 1 1 1 1 1 1 1 1 1 1 1
 1 1 1 1 1 1 1 1 1 1 1 1 1 1 1 1 1 1 1 1 1 1 1 1 1 1 1 1 1 1 1 1 1 1 1 1 1 1 1 1
 1 1 1 1 1 1 1 1 1 1 1 1 1 1 1 1 1 1 1 1 1 1 1 1 1 1 1 1 1 1 1 1 1 1 1 1 1 1 1 1
 1 1 1 1 1 1 1 1 1 1 1 1 1 1 1 1 1 1 1 1 1 1 1 1 1 1 1 1 1 1 1 1 1 1 1 1 1 1 1 1
 1 1 1 1 1 1 1 1 1 1 1 1 1 1 1 1 1 1 1 1 1 1 1 1 1 1 1 1 1 1 1 1 1 1 1 1 1 1 1 1
 1 1 1 1 1 1 1 1 1 1 1 1 1 1 1 1 1 1 1 1 1 1 1 1 1 1 1 1 1 1 1 1 1 1 1 1 1 1 1 1
 1 1 1 1 1 1 1 1 1 1 1 1 1 1 1 1 1 1 1 1 1 1 1 1 1 1 1 1 1 1 1 1 1 1 1 1 1 1 1 1
 1 1 1 1 1 1 1 1 1 1 1 1 1 1 1 1 1 1 1 1 1 1 1 1 1 1 1 1 1 1 1 1 1 1 1 1 1 1 1 1
 1 1 1 1 1 1 1 1 1 1 1 1 1 1 1 1 1 1 1 1 1 1 1 1 1 1 1 1 1 1 1 1 1 1 1 1 1 1 1 1
 1 1 1 1 1 1 1 1 1 1 1 1 1 1 1 1 1 1 1 1 1 1 1 1 1 1 1 1 1 1 1 1 1 1 1 1 1 1 1 1
 2 1 2 1 1 2 1 2 2 2 1 2 1 1 2 2 1 2 1 2 2 1 1 2 1 1 2 2 2 2 2 1 1 2 1 2 2 1 2 1
 2 1 2 2 1 1 1 1 1 1 1 1 1 2 1 2 1 2 1 1 2 1 2 1 1 1 1 1 2 2 1 2 2 1 1 2 1 2 2 1
 2 1 2 2 2 1 1 2 2 1 2 2 1 1 1 1 2 2 1 1 2 2 1 1 2 2 2 2 2 2 1 1 2 2 2 2 2 1 2 2
 1 2 1 2 2 1 1 2 1 1 2 1 1 2 1 1 1 2 1 2 2 2 1 2 1 1 2 1 2 2 1 2 2 1 2 1 1 1 2 2
 2 2 2 2 2 2 2 2 2 1 2 2 1 1 2 1 2 2 1 1 2 2 2 2 2 1 1 1 1 1 2 1 1 1 1 1 2 2 1 2
 2 2 2 1 2 2 2 2 1 2 2 1 2 2 2 2 1 1 1 2 1 1 1 1 1 1 2 2 2 2 1 1 2 1 2 1 1 1 2 2
 2 1 1 1 2 2 2 1 1 2 2 2 2 1 2 1 2 1 2 2 2 1 1 1 2 2 1 2 2 2 2 1 2 1 1 2 1 1 1 1
 1 2 1 2 1 2 2 2 1 2 1 2 1 1 2 1 1 2 2 2 2 2 1 2 2 1 2 1 2 2 1 2 2 2 2 1 2 1 2 2
 1 1 1 1 1 1 1 1 2 2 2 1 1 1 2 2 1 2 2 1 1 2 2 2 1 1 2 1 1 2 2 2 1 2 2 1 2 2 2 1
 2 1 1 2 2 1 2 1 1 1 1 2 2 1 1 2 2 1 2 1 2 2 1 2 2 2 2 2 1 1 1 1 1 2 2 1 1 1 2 1
 2 2 1 2 1 1 2 1 1 2 2 1 1 1 1 2 1 2 1 2 1 1 2 1 2 2 1 1 1 1 2 2 2 1 2 2 2 2 1 2
 2 2 1 1 1 2 1 2 2 2 2 1 2 1 2 1 1 2 2 2 1 1 2 1 2 2 1 1 1 1 1 2 1 1 1 1 1 2 2 1
 1 2 1 1 2 1 1 2 2 1 2 2 1 1 1 1 2 2 2 2 1 1 2 2 1 2 2 2 1 1 1 1 2 2 1 1 1 2 1 2
 1 1 2 2 1 2 1 1 2 2 1 2 1 2 1 2 2 1 2 1 2 2 1 2 2 1 1 1 1 2 2 1 2 2 2 2 2 1 2 2
 1 2 1 1 1 1 2 1 2 2 1 1 2 1 1 1 2 1 1 2 1 1 2 2 2 1 1 1 1 1 1 1 1 2 1 1 1 2 1 2
 2 2 1 1 1 2 2 1 2 2 2 1 2 1 2 2 1 1 2 1 2 2 1 2 1 2 1 2 2 2 1 2 1 2 1 2 1 1 2 2
 1 2 2 1 2 2 2 2 2 2 1 2 1 1 1 1 2 1 1 2 2 1 2 2 2 1 2 2 2 1 2 2 1 1 2 2 2 2 1 1
 1 2 1 2 2 2 1 2 2 2 2 2 2 1 1 2 2 2 2 2 2 1 1 2 1 2 2 1 2 1 2 2 2 1 1 2 1 1 1 1
 2 1 1 1 1 1 1 2 1 2 1 1 1 2 2 1 1 2 1 1 2 2 1 1 1 1 2 1 1 1 1 1 2 2 1 2 2 2 1 1
 2 1 1 1 1 1 2 2 2 1 1 2 2 1 2 1 2 1 1 1 2 1 1 2 2 1 1 2 1 2 1 1 1 1 2 1 2 1 1 2
  33.8019217  40.5468613  45.827427
  3.68227936  15.1498269  12.1541924
  43.0340728  12.2137585  20.9677184
  19.2638776  0.485478251  10.0435469
  1.03543565  17.3371809  18.4420659
  19.1478114  91.1210471  21.7949728
  18.9832896  4.80708205  4.22917436
  67.7128978  18.5170328  75.365449
  96.2488644  103.448482  103.829051
  118.988951  6.77002667  54.7479443
  17.0852635  5.86943295  0.822987535
  80.6460999  121.45785  16.5228575
  6.27181803  0.938875283  12.8100289
  16.4644677  10.1190535  16.0660526
  116.973402  44.004285  98.8553382
  117.429114  66.6736259  16.1380408
  17.5520768  0.826176828  12.2760922
  20.9044094  31.0262244  101.801898
  2.07137741  8.97129098  6.449849
  117.249058  3.3876878  87.7906213
  112.005173  7.21753404  98.8519663
  2.78978699  2.47723323  4.9499639
  19.9350472  16.158607  9.78251546
  50.3983748  55.9152911  56.9029326
  17.7601191  7.70116938  12.8061185
  20.3112844  5.22268502  6.64539956
  97.7837435  34.0696534  95.9621326
  55.8646777  35.307943  46.225524
  98.0853723  93.958182  119.685982
  50.7512769  82.3659314  106.423326
  97.6981079  107.226273  108.737171
  7.97693245  11.5925099  4.35712202
  0.285128122  16.9387347  10.7771255
  52.6075069  93.218805  52.6663713
  14.2168891  16.3001259  15.0063268
  19.6815064  23.3576861  67.3730342
  110.505392  61.7825929  13.9882299
  3.63334741  9.89598418  5.55412484
  117.550929  46.8488982  46.5440487
  7.70054026  15.3327411  3.96821098
  98.0731852  83.2163611  44.7177253
  16.9705732  15.4018393  3.39866477
  10.6512309  28.2195152  86.706477
  26.2091122  70.8563106  1.85348376
  21.2168994  18.2647202  1.11660891
  10.3505175  17.2863149  7.86257563
  16.1727248  17.4843195  2.11127737
  20.3103608  17.9953547  13.5054993
  18.5490566  19.0896682  15.0691395
  7.48005315  18.3612638  15.0152445
  17.9767448  13.402423  4.99069666
  18.5415351  12.5402659  1.5178394
  21.9132002  12.1625945  17.5779626
  113.411312  15.9002531  64.384227
  17.4463796  4.14717645  2.73073486
  29.5216669  82.8670575  106.931038
  19.6319096  2.54884586  0.590222428
  100.167532  89.6318747  79.7058449
  9.88727364  5.72255351  10.0887313
  9.60745312  4.96054242  21.9260035
  54.1870749  98.0576005  52.7685574
  9.6737581  17.7959162  20.4014332
  18.7391493  96.6237853  77.5007309
  8.39209934  19.3299766  9.10703736
  9.08843997  15.4625592  19.7537722
  15.595009  14.1874421  14.8984143
  21.7408446  10.0131807  6.64318199
  5.98628539  0.852493837  2.04666815
  98.2201784  104.568144  103.594988
  119.303516  63.8186521  37.6924961
  17.4924984  2.90494065  14.6226871
  81.5010888  121.981691  18.4654374
  98.3955314  41.1353643  81.4699809
  8.59804361  17.2567284  4.21715436
  14.2023107  13.3754301  21.8693582
  106.851236  76.2057407  92.6446741
  17.5892795  11.0758721  6.05077551
  21.3846724  39.2667034  118.708869
  49.827458  39.3648512  4.84836588
  5.4507173  10.8859986  7.55029988
  53.5539352  77.4401846  78.0005584
  5.95137155  1.49510735  6.26127569
  10.786651  35.9611076  50.2331941
  114.202387  122.521316  121.737182
  45.448079  73.1655934  74.3106686
  3.73169198  11.8890787  11.0986057
  10.4997695  7.18980987  2.45460186
  62.8389259  23.4131149  83.2612026
  30.8527673  118.212844  56.8022431
  18.1358675  17.7683306  10.2837365
  33.2624579  22.2127471  113.102158
  108.281229  23.1660743  33.278208
  5.28312059  13.8423015  15.495965
  14.2677012  18.2390172  10.8854856
  8.40098809  15.968859  10.025863
  5.3356085  20.6010786  0.278605217
  74.3492058  67.311692  102.337263
  87.6893702  3.5178598  60.0945714
  10.7340269  14.9502463  4.44147471
  11.0404117  12.7077707  12.184477
  71.0502044  42.4862666  31.5358197
  3.56545122  105.956124  87.9334951
  20.1732992  19.781587  10.2474194
  2.13384624  13.7503472  19.5152892
  77.9758321  69.5543894  115.98813
  112.25385  21.484697  3.38829993
  58.5159  94.6906778  115.587623
  18.3571006  51.4677987  26.4594232
  71.6226147  48.0345144  31.8787407
  78.2367246  86.1671104  70.719623
  13.9670488  17.991652  6.54367257
  5.20791587  1.58773184  17.5622233
  100.969756  88.7262978  120.529129
  14.4081147  12.1403513  85.4197532
  76.4632403  72.1622482  90.4255394
  33.2475502  45.5265639  110.797265
  98.6866957  112.697954  24.9169582
  19.5955425  0.752752089  17.2360207
  113.005834  117.668116  66.4598294
  34.5621163  90.3181759  93.0718439
  14.718716  21.9038274  19.3716672
  106.126375  83.8586884  112.662672
  14.5203993  14.3302394  19.2554416
  89.7325244  88.5028737  7.05959442
  101.417066  87.6718227  80.8182829
  8.84186044  2.70000334  9.66608006
  7.37208876  2.81692844  14.6201442
  70.0160339  61.2700772  84.465458
  19.5584007  12.560333  15.977245
  17.3768341  13.6528745  18.1016983
  52.1804501  9.6505162  123.042522
  4.88294466  4.99726967  3.27653033
  15.9577284  5.06730217  17.9741761
  97.2847252  43.6046988  21.720337
  0.830470053  10.346763  16.3752816
  5.45741708  6.19390206  0.275378334
  2.37234077  15.4927058  10.1444246
  110.829233  104.42916  102.854592
  1.30801091  9.82284223  2.37362028
  9.14108553  34.2014556  68.8946512
  87.5382782  48.3170182  59.1525876
  5.11774398  0.414884617  10.8522429
  20.9181382  16.7745301  17.7049976
  103.986424  12.8226225  42.4788166
  5.02779848  16.0726196  4.69609729
  16.5473437  10.8804731  0.893789786
  90.5333063  66.1799688  45.4484072
  4.77441368  8.96679176  0.417199422
  15.2542613  97.2018027  121.300298
  113.315338  3.65969915  100.925024
  6.07717814  5.16133189  7.78404943
  115.041891  61.0670325  17.5669387
  21.2843323  114.662979  78.076012
  7.48294014  10.176259  14.1013532
  96.5634599  1.86659355  100.469417
  12.0408705  18.2372096  19.2161386
  2.32039799  18.1791206  1.96568185
  17.3304002  5.0913765  11.106722
  75.232903  19.0860125  39.3857836
  48.3873206  70.0246708  97.7577256
  29.5110209  76.6399298  100.100755
  117.378964  123.185063  124.004366
  19.1758638  69.3940952  38.1256484
  39.8988228  44.5628254  3.3410315
  36.3744418  91.8512031  94.576733
  3.60813737  97.5857516  50.5944878
  40.0498447  94.3359587  89.3531008
  17.2162245  26.8495847  75.552148
  69.7563734  16.2395152  64.2773128
  18.6193116  5.50246541  13.895095
  106.164618  116.872006  73.7825605
  86.9065724  45.82698  60.1464186
  19.7832605  19.9818021  3.10009152
  7.52875965  6.50541929  6.04130461
  79.4747229  67.0924618  112.097661
  1.2099528  11.2873726  10.5864991
  101.569475  78.4327789  105.66178
  119.334352  27.634095  32.479774
  17.5132919  15.3458465  16.2114339
  12.3637302  1.55974644  6.71182113
  105.141186  116.189834  75.7585865
  22.8212665  43.674516  68.9179657
  19.4514538  93.3396565  22.3881218
  11.3662789  116.528297  14.297149
  22.0338618  106.229735  2.04796251
  11.0043187  13.9085611  19.9158177
  21.7517255  3.44614455  21.4132992
  12.6799245  0.257058456  17.60987
  3.14388645  14.562831  5.58914279
  18.4635591  19.9887239  12.5112589
  80.3771729  55.5906307  35.3673495
  12.8687059  0.370688735  0.67534633
  3.0555576  21.741525  16.3136972
  9.54086049  10.942596  11.0136266
  10.378721  21.8155746  2.64911497
  5.95390361  9.85330517  12.0708632
  104.516533  92.8140473  95.0979152
  26.6792388  45.3692236  69.4719466
  18.3813123  7.83669529  8.76454394
  56.8898319  112.078582  10.8162546
  72.876644  118.569702  101.440393
  13.124678  94.2762245  6.17309304
  108.316447  81.8835461  111.596324
  20.1981945  4.72084266  10.5652479
  98.1067386  43.774918  105.528965
  30.4495178  39.4848387  27.8733453
  70.7191727  113.787049  81.2777524
  99.4918783  17.0485116  106.229604
  20.933981  18.9178143  20.0211751
  54.1494016  13.6804478  109.711931
  4.6626056  64.9023316  85.9471361
  1.4158273  19.2318277  17.0699513
  21.748837  4.13211865  29.4277674
  33.9673915  70.8736736  73.3767868
  113.392682  7.2694509  96.8441773
  94.7746013  24.6881772  57.7811423
  10.8442939  2.63507227  4.16636222
  2.60855316  19.4215013  8.54591284
  19.0604146  4.46027624  20.593043
  57.0786532  114.111295  67.259502
  8.31904469  5.23444675  4.01778668
  19.3903378  15.6631604  3.29748846
  12.811707  15.2418705  20.5807271
  18.0343495  15.7501905  19.6155927
  9.12412903  21.2590985  18.3809445
  9.21618865  21.2313863  7.44796949
  123.917561  80.0608221  14.3262152
  15.3442716  67.4915817  3.79386007
  86.4007925  50.077964  1.65389391
  115.87102  69.9330624  2.29314904
  12.4871037  16.7219126  12.5032343
  18.6687282  1.52985789  2.32432386
  76.8774763  72.9644054  87.9936445
  19.8610458  0.391748718  21.0486829
  106.948057  82.1588263  114.087405
  9.05079544  19.3152411  2.89206215
  20.9121154  6.25292155  19.548358
  0.485901237  7.20236976  13.7584593
  94.4764911  34.4770982  96.5148449
  65.6989398  39.1856276  64.832825
  97.446773  15.8591912  107.316305
  11.5364112  3.54048568  15.0826939
  9.03613837  10.1418099  17.1937654
  14.460853  9.15913434  7.73676011
  20.8438764  20.2020607  102.005313
  49.8500465  70.0751102  99.4765308
  48.4197972  39.1845575  3.22146134
  20.9682711  10.3206931  11.4331525
  8.2782414  7.71844973  11.0322148
  33.3635648  24.5180254  95.2234301
  37.0782331  44.9754684  5.75824928
  80.0812392  113.407942  124.09458
  39.7297451  51.3601367  111.205717
  12.9449124  11.8086266  6.36291848
  12.6668466  5.95848052  113.18785
  15.8617061  1.99322726  15.3922135
  40.5690066  40.9635366  111.268032
  20.957009  13.0948641  0.653327495
  20.2702825  115.323446  76.2632446
  108.949357  21.1674629  32.3561851
  42.2222447  42.2937396  109.879836
  15.6036308  9.37751312  21.4896301
  21.6176984  1.66585098  8.28027709
  3.0611237  15.8930535  17.8026784
  22.3444987  8.41395857  111.596114
  118.889794  10.5016869  0.311345481
  4.58433207  21.6651535  11.3616762
  75.4897525  76.2926572  115.307118
  45.5480287  76.6398031  72.6113179
  10.3682362  20.6723694  10.0128699
  95.2346275  24.6879014  25.58535
  18.967823  18.4469115  7.82554075
  83.7996928  51.6845126  3.89319144
  1.57419085  10.0014767  14.1799862
  13.4082369  4.12387572  9.42993652
  73.6707038  17.1116197  60.6457417
  21.8778473  21.2318434  20.1338287
  12.2069543  4.12304479  2.40666841
  18.016117  5.64272642  7.64704205
  0.0811604933  17.3256255  14.9596945
  19.7702137  13.4508348  10.3468837
  48.0218831  14.6523353  72.6225747
  10.4995479  5.16363768  7.83045434
  58.0303841  102.059366  30.0941283
  16.5088544  8.67251898  19.5772577
  22.7554182  72.9752057  4.77091134
  24.4333852  105.229066  104.655062
  107.450459  78.6143133  112.828883
  8.748708  8.79021841  6.19882119
  96.6283012  106.494034  106.574986
  17.1581432  21.1041519  18.8820976
  27.0969885  70.237334  63.2936115
  2.60383508  3.53975819  15.162892
  4.03435566  17.6291929  9.63941287
  105.672163  77.5977366  94.0228115
  14.5934898  5.54834055  15.9233037
  12.4781615  20.075319  10.845217
  19.0435471  4.28117509  93.5555718
  119.243278  20.0676134  70.6770378
  103.923664  105.296545  65.0633914
  14.3094878  111.28223  12.5986847
  79.0756222  91.9860021  45.1854633
  7.84155116  2.75166654  1.50276838
  104.536499  80.4302964  111.615082
  10.4891593  68.3916913  14.8870093
  8.51197483  15.717268  17.0282346
  17.2114448  86.3545423  31.8169925
  3.4388586  21.5667994  8.46629398
  72.622562  45.2878317  29.7604199
  20.8741361  46.7547874  66.5624217
  3.1604149  8.53860854  13.4702594
  89.7742474  66.5602423  11.3849629
  64.6030201  96.891214  77.8867033
  44.2008904  11.2788082  18.3514257
  73.499327  61.5117159  57.5388472
  7.95706862  2.02329736  16.8491426
  5.01792117  18.2332404  3.11731183
  4.22402211  14.9091403  1.97151506
  28.580487  71.5047754  2.34068852
  96.6876482  23.3414353  23.6709066
  12.4250352  10.8740816  8.64335425
  16.2851811  19.3602401  6.39679284
  14.890237  2.47254554  9.18712977
  6.75391143  10.8018075  9.88359754
  20.6251679  11.9292955  8.95438945
  10.2699283  19.5501616  18.2982874
  15.3116001  0.788818574  11.1823673
  0.112538288  6.55056139  7.94455639
  55.3658017  122.10553  0.913718658
  119.492242  64.5791062  39.6612683
  102.537914  76.1816313  109.009014
  12.032648  10.9762084  1.64679789
  2.33705052  16.788787  13.727426
  6.9542946  3.28510875  4.36168847
  109.724415  80.1693819  112.560439
  98.6383346  48.1051005  4.68135699
  18.4350165  10.6849583  14.7802772
  73.7443421  47.7004261  30.1303773
  39.1595494  18.7284424  116.005557
  9.33376363  13.8975848  13.0443602
  9.40456922  20.077332  13.3826036
  40.3484197  3.22656662  46.1130139
  95.942558  122.723888  52.9897067
  94.7987967  48.4101635  76.9222556
  1.23283856  4.64985373  16.6183591
  8.07609607  17.962829  11.9068029
  18.0981646  83.9046683  33.0124776
  14.1154457  13.2772719  17.1481294
  4.14972273  6.41452002  14.1059172
  112.597253  14.1337938  63.0380383
  71.3350813  45.5762348  31.8016778
  30.7322228  119.561847  55.1134113
  6.17704766  17.2743773  17.8424283
  115.413623  21.6235179  112.707851
  24.9797909  110.733489  75.9279305
  4.92474027  5.70992821  11.7296606
  46.674183  75.1648412  76.1227156
  67.895699  38.7523708  63.1337233
  10.5965684  52.7594908  61.9349524
  3.75271037  9.26853384  11.3378447
  70.511421  25.3347315  56.0099462
  16.0752991  16.8693402  13.8842607
  1.22752676  15.917494  21.0202641
  36.0577218  45.4048471  3.67402957
  74.671394  70.739265  89.5509305
  7.46659277  0.873880796  20.7179361
  40.940368  12.8056335  20.1770866
  9.27674264  7.00580608  17.7436316
  11.9942614  13.9760867  1.55649312
  10.8619795  15.1531331  17.0701812
  5.55060734  18.1133489  11.5476898
  68.4650184  20.9354193  74.7300661
  50.6200472  72.2578664  27.3989472
  14.1637537  18.7975803  2.93439602
  12.5885015  14.8766112  9.13925341
  38.8664673  92.6669652  94.9756609
  52.9907042  79.5169688  77.5259745
  5.69101371  21.2083567  17.9183937
  100.027712  106.964813  109.874451
  7.32762361  20.6134846  3.50844921
  51.2954916  57.1810074  116.807202
  114.966656  61.6051831  33.546815
  20.0883175  14.0026918  18.5100904
  6.06305663  106.218153  87.0018445
  108.140045  119.446679  7.62607545
  51.5498044  14.2724558  110.012417
  110.524976  13.7063074  64.3395021
  108.678829  5.30873682  80.3760657
  10.2294497  1.74308018  1.28421771
  3.46347884  0.343394669  20.4594667
  11.6648007  3.28597534  19.7337673
  20.8444735  3.06266246  5.99916712
  16.4432897  13.9680793  1.52689739
  76.3287955  71.1158192  86.7569637
  72.1687521  123.637429  5.3579026
  8.42413267  7.21709242  15.0603706
  9.91719006  20.1132251  0.155609317
  5.77577778  8.19254195  18.5299464
  58.2797055  46.5726428  46.7628164
  20.1975423  6.9824215  4.60201487
  111.745464  85.1550289  65.5331102
  103.98589  77.2311997  111.117128
  17.2997549  19.2063033  4.24570438
  7.36324814  71.3729873  90.7464066
  7.51479876  20.3919636  21.585817
  6.82528891  12.8244208  13.7813149
  60.411034  59.9257593  97.3472716
  18.0533043  11.2793085  8.57370534
  3.71663869  9.61012739  18.7072922
  8.96879206  78.3426324  105.910637
  50.5503649  86.8623813  44.1848316
  13.3816969  9.88148239  19.6077868
  11.5410905  21.8544686  19.7041889
  20.5973874  7.14952348  14.8288414
  13.9467018  16.8134979  8.59973951
  68.2869053  97.1704335  7.65138597
  7.19474589  8.83951059  8.4305369
  50.7006392  92.3335737  53.9597966
  10.7869081  18.713615  9.74984574
  23.7918054  114.239828  78.7932686
  7.54823098  13.9746714  1.66041919
  18.9288882  9.45182878  17.0955303
  23.1613373  107.360408  105.270712
  7.33943876  15.7138173  14.8500125
  21.2189562  54.3878009  6.39121578
  104.25698  84.0478072  111.070501
  6.62133346  6.74382886  9.67938987
  21.7824159  18.7154434  11.894233
  17.1821401  17.6660922  16.5913422
  5.98252114  6.97880773  4.05208017
  80.6792778  97.0358338  115.359067
  49.9953808  63.7173519  66.8477937
  18.7186822  63.7153816  79.249301
  15.3520558  0.870681562  21.9114377
  100.907194  111.295248  77.1256133
  97.481394  67.8735613  77.0815101
  18.1065545  82.1415217  34.8051565
  102.727871  77.7360002  107.245748
  3.07453769  5.32399667  21.2171725
  77.3152564  65.339832  111.978205
  112.130494  60.3965704  13.1657491
  65.9344702  37.5068974  63.295606
  3.97624215  19.7052562  11.9528762
  19.5857876  15.0183352  15.1261878
  16.6037833  21.4468657  14.0617475
  60.9629386  92.9805831  46.3122297
  10.6643666  8.71323243  15.7674676
  39.4195351  89.3486487  2.79684946
  108.878762  3.74244403  75.9597614
  121.279685  64.0666601  57.4161245
  51.8188986  107.22662  47.761947
  0.134858453  19.1608895  7.01393021
  48.4355703  67.5591264  68.1197062
  11.2883808  8.95671902  19.4277082
  65.5175197  110.277808  73.7710723
  3.22048546  4.30053848  11.4214744
  0.203835218  6.66106171  3.39338567
  96.9895313  81.8732988  46.6021847
  69.9581076  45.1770603  28.4127528
  104.813108  10.996  41.0368287
  6.95106914  8.81133664  16.1259837
  13.1695522  14.4339745  11.7905762
  81.1121609  24.6445274  97.9572495
  17.9669958  9.02138002  0.933425338
  79.7261859  30.041214  94.0509057
  63.4435136  99.9476588  21.4386309
  19.8316572  20.7948185  7.25483413
  11.2805425  18.5588543  5.94439009
  5.28397194  13.1590239  0.334945964
  11.1322651  14.7750701  7.01906524
  17.3807607  8.40325452  4.78176361
  121.355941  66.0194308  39.4787013
  18.7999231  2.78447522  16.6149406
  7.87317904  14.819924  6.21017161
  15.1891071  3.9977108  0.225503141
  16.8519023  3.4478669  9.05125964
  21.0237602  4.30530401  15.6515105
  71.7812544  63.0869131  85.0274682
  13.0131181  39.9305949  17.0014083
  12.8624698  21.2097227  8.72058327
  6.58109557  13.9291963  9.67150066
  120.50031  63.9828349  59.3868484
  9.92526807  14.2169933  10.0583258
  15.8791122  9.5397108  5.92204185
  102.548529  59.6921488  2.05908167
  1.97293396  10.9250634  8.41406241
  4.11841439  19.9901364  16.9954668
  8.09475375  18.8269246  11.4577597
  9.66236669  115.557857  15.3602306
  5.90250492  3.4426397  19.8545019
  101.220986  33.5486727  55.6041863
  13.8243932  99.0258597  118.780213
  15.4251646  10.6434068  2.94624776
  19.5687571  16.2258009  1.00654948
  2.72568618  4.25147  2.09668983
  11.1045805  3.64188798  10.3681126
  103.663214  73.8745786  7.18240373
  107.235553  92.4590059  70.3330408
  4.44528232  92.719139  78.8164564
  104.425542  118.134068  76.746137
  9.5474856  11.6316688  1.13602159
  3.59462863  1.24079587  2.55221229
  41.3844452  89.4254301  93.2489803
  6.18098325  114.696423  16.5260437
  5.25211312  15.8767072  7.9501049
  88.5020839  22.6745726  101.432603
  9.38848532  39.4085341  47.8814159
  105.734077  80.374918  113.414771
  21.1571944  11.6864653  20.6122462
  16.7422794  7.49526779  17.1935349
  2.9672921  11.3400618  3.51893102
  18.3570498  13.7806644  13.458803
  26.3781031  43.5785408  71.2247104
  34.840675  22.8322329  94.786539
  12.6808184  3.0154174  0.748958095
  16.5205534  18.0319568  8.64311892
  17.7306997  16.6079049  0.156318807
  56.9465984  13.1588783  25.2595923
  13.1394285  2.79927444  18.0686327
  22.7395274  32.5746212  102.525288
  2.13594892  2.1419507  13.2400525
  0.625252933  2.45688121  10.2079038
  18.2074077  40.5355161  73.7563236
  93.2593492  55.3289743  60.2178856
  2.75985938  18.5616516  20.1431282
  95.3887484  123.148633  50.6684141
  13.9001857  3.27652779  15.9524086
  9.99633097  16.6356481  13.5979268
  100.650251  17.8392441  122.1437
  6.95784195  121.374873  48.3843646
  7.06239353  13.8159348  17.5227603
  113.923339  34.9373602  82.8583862
  1.8332913  4.91411559  13.4435299
  44.9296118  57.5043263  80.4074797
  0.390098563  10.8713574  4.4919076
  17.2160038  53.4750725  26.140055
  98.2153174  50.1309806  5.20624717
  7.52398484  18.8259555  19.1589518
  80.0620893  91.2102849  18.2103109
  20.4375856  3.42277292  13.6758949
  22.7161753  60.2491009  23.9882906
  12.0226608  118.737949  56.4426852
  12.4359168  7.3078719  17.4498449
  99.7833355  114.834293  25.3512631
  77.297203  84.5204829  72.0058418
  13.83598  16.94348  18.5150709
  9.94167711  1.44607888  20.8183173
  15.0181762  2.30950682  6.00817105
  3.33074746  3.39694756  20.4964365
  14.1181055  58.3236653  37.7088648
  58.4237877  68.293787  62.4341763
  7.77722797  10.547217  1.89859313
  1.68344127  114.628043  78.8920276
  104.711981  15.4638154  43.5830174
  51.6039507  85.326336  44.9512878
  9.37019862  46.2055777  81.5665139
  53.5172737  118.073776  40.9639392
  2.74905474  1.32294522  10.4706045
  38.0859614  94.8933001  95.6707345
  121.310227  27.2988161  31.4540626
  14.586384  13.6377713  7.41303175
  41.4178205  25.2933307  2.46135341
  0.672584648  5.79080432  10.3000363
  3.52743897  12.4046994  15.109579
  3.66803105  3.42060449  8.23394731
  13.4501712  15.1170165  3.43937512
  41.5879032  11.469234  18.3938338
  2.11864678  12.600733  13.3752986
  13.5921273  122.628231  67.5367277
  113.170386  6.17107839  100.999247
  6.788448  8.0769419  20.3866461
  0.0446685785  5.86474957  21.7923743
  33.0853582  71.0844352  43.9468142
  0.83194636  6.97688394  17.9171604
  4.0546012  4.6426485  5.42478179
  15.7081641  2.01570125  2.11078639
  26.8627257  95.2498863  26.528871
  7.29047343  5.37437794  18.9981839
  15.2305475  6.34669967  13.5756324
  86.85543  41.6300059  39.2920088
  14.6302743  4.7453994  5.70418038
  14.6566828  2.38791485  12.895316
  49.2013362  96.5416495  92.6150132
  58.8901883  28.8418075  96.1134296
  64.9828652  94.2489872  77.8108967
  8.66498321  12.4820164  8.72359677
  1.45695262  19.3499765  13.6701095
  12.8964394  17.3856592  4.48224196
  1.52227032  13.8558804  16.5886757
  12.8270045  12.1940669  15.5553786
  2.2335833  16.1794447  3.50487236
  16.5586271  9.22665017  9.08798474
  2.93761817  11.7859344  17.6554854
  119.387362  28.0536639  34.9234694
  18.6539512  9.38129685  19.9343947
  2.40238247  6.32406133  6.6932997
  10.4435499  11.3795164  19.1587167
  7.09258917  72.0285578  92.8009995
  6.68842904  2.77275154  8.342675
  104.957342  118.68623  72.9623701
  118.968909  11.39807  2.58129506
  81.5578156  114.834389  0.579947122
  4.96854963  19.078951  2.22601696
  21.1878972  8.29211232  20.8423106
  10.464035  7.9155459  4.70705596
  87.1708502  22.2607857  103.203146
  116.268991  1.98761457  50.9672114
  4.28253827  13.4350173  9.4297694
  62.0153165  99.7917965  23.1802064
  9.11368551  117.15127  16.8716996
  97.6586142  24.5852501  108.543255
  15.364859  2.60158412  20.0883543
  68.8194211  61.429801  82.2930411
  1.10132209  4.54809888  5.65584551
  58.2892334  62.0258381  50.5752566
  96.8609816  42.9946516  81.7872062
  9.09533003  9.33773514  13.0280874
  20.635343  13.3427906  3.48568117
  90.3845566  24.0792237  101.879498
  17.2229055  14.3113119  7.5325707
  91.40315  46.6964544  82.7726865
  104.195512  82.5787927  109.365256
  6.53306386  14.6626021  11.9944347
  33.3962649  112.206616  23.0151862
  14.6918123  8.45606576  16.9358645
  73.0261065  16.4348964  62.9169278
  15.9262691  12.3743725  13.4702974
  97.1584055  81.326738  43.3556475
  78.54817  35.0700854  74.7110275
  56.5428523  122.227666  73.3895059
  0.19986492  17.4878068  4.8237475
  50.2218005  15.1110004  73.9399299
  10.0046295  21.7262306  11.5876931
  17.9718337  120.217877  109.803769
  0.6380532  4.06132142  3.21120641
  75.8543498  78.2102034  47.3045337
  18.9858385  16.2033226  12.561052
  15.4277219  11.2283466  18.4926919
  39.3398374  45.4697244  5.20049836
  10.3979102  34.6692741  70.5124188
  16.0819778  19.8925116  0.896618492
  48.1392225  65.6543467  66.9679352
  12.829295  93.1445507  4.33311733
  13.6355382  11.0899749  0.019194613
  1.39316501  70.145906  76.6051594
  118.522563  9.5266636  3.97422146
  27.0896424  69.0193932  1.50694295
  44.2528084  72.4389388  51.9013968
  18.0080129  41.713783  71.5857679
  6.7562438  116.739378  17.0970671
  7.42510027  8.15929971  1.68164235
  95.3861569  43.048211  22.3473821
  2.96711435  17.0654918  21.9271228
  6.7488183  4.04880274  21.8531422
  10.267863  10.8641005  7.81772707
  10.269095  0.372241515  9.4103813
  48.1069772  97.1507335  94.7359128
  3.32309132  12.253173  21.1236735
  12.2128295  20.0558606  21.0925315
  1.51863074  44.1418527  60.7211056
  91.9501423  89.0369051  6.46166262
  11.2589167  2.50608356  12.6450284
  23.575152  74.6520164  6.48472848
  97.5872031  83.6010056  108.388816
  7.56406158  18.1794595  8.82588652
  2.56207313  21.2982361  14.1423422
  72.9012551  80.9368345  121.594699
  71.2638048  18.083685  63.4955611
  123.343859  16.4831736  23.6670759
  14.9766478  18.4174029  16.4460264
  75.9172995  66.4184653  113.826967
  14.2538106  56.4229483  39.7060526
  12.0989506  11.8539004  3.81292107
  5.19297517  10.7687841  1.75724998
  22.7202848  81.8114678  91.1258549
  38.6131801  39.7077306  110.730424
  5.22963027  113.471523  18.0374595
  25.9517446  6.5214229  33.8438148
  9.04772793  2.21331979  5.2336666
  14.4795108  12.7745204  11.9829142
  6.3214557  18.6404762  4.74940762
  3.52125181  35.1882304  49.23093
  5.35306012  16.7822042  0.69200234
  24.9860646  52.9382002  33.5066737
  14.1724795  96.9331125  119.396235
  100.059665  48.5546596  2.92187046
  6.42607511  14.6243385  20.2698213
  38.2299022  44.9950735  1.84868025
  72.1870278  70.3077385  89.9770667
  103.684751  91.3038763  97.0029018
  81.1051544  103.677257  26.3589835
  21.0097483  8.14399581  113.689507
  92.9684301  103.744888  63.2791375
  3.41434957  9.80461482  21.0779676
  18.8140055  17.6492259  18.9202386
  14.3258955  40.2994569  15.1222598
  40.1869343  94.2447532  92.1262446
  69.3845333  47.0097818  30.0435295
  65.8305845  35.3284666  64.2673416
  102.056638  57.5388401  33.7585619
  43.2804361  90.3785661  6.21007045
  0.853343352  14.5528063  13.2379189
  1.77229516  6.97458279  1.40571012
  13.9590504  60.4928228  69.6188829
  19.3090202  8.60014219  6.37604655
  82.927083  12.057185  88.8433953
  120.6882  16.6699657  29.8492205
  0.574727991  15.395302  5.99342497
  24.5080652  45.64685  68.53897
  0.951429851  9.66249975  21.7212909
  47.1083049  75.5236254  73.9660542
  103.750188  82.7889357  106.934049
  69.773464  42.8179271  29.5450644
  1.62538984  14.0261363  0.459880165
  18.4219668  21.3476866  1.05649856
  2.95664343  75.4529736  117.08021
  9.14205971  7.62151296  0.512000086
  12.7232433  9.732017  15.3613583
  7.25252867  12.666596  6.31553559
  4.78723137  18.0955974  16.3686577
  101.611046  45.5111503  3.92687774
  3.52495725  12.7781113  7.11502508
  3.89413011  7.33848237  9.85708132
  17.7158  21.2972569  16.291397
  14.6367081  13.0588979  3.37754311
  1.52048551  13.554368  3.01173277
  16.8666189  5.8948677  5.35539326
  102.992627  56.3797695  35.5297692
  3.8597702  15.7925537  15.6562111
  122.393291  67.9795057  89.5541021
  15.0046054  4.78878751  11.9858869
  11.9294753  0.642002327  4.20351486
  0.0639852344  7.74478674  11.4474789
  80.0475121  81.5157439  103.156947
  43.3029718  6.68269546  99.3039221
  12.4865054  0.131311882  12.0892576
  15.9307081  6.40782079  20.1567129
  78.0132686  67.3000606  114.539987
  13.9163612  5.81205861  21.6140478
  7.27307048  16.5310428  7.70099387
  95.6496231  79.2984734  43.6863272
  0.921538057  35.4521612  50.6872821
  12.617153  6.3212706  1.66088733
  8.23432346  12.6066627  21.0558756
  14.6065588  4.04479095  3.33510239
  20.234507  2.19994721  11.382208
  99.5846866  122.548893  52.2672837
  21.171509  8.34102225  17.0433365
  10.2529932  6.72207752  19.9539179
  4.3695476  19.9430096  20.1491585
  17.5723816  0.0131380146  7.83631172
  12.469379  16.2808477  16.4725275
  25.913336  53.4333234  35.7644383
  79.3530192  89.7742527  19.9862535
  12.0468131  5.79270713  19.2537695
  5.99690508  104.303805  88.9375038
  22.5160181  84.3391304  69.320835
  98.3364653  15.7104472  34.0553403
  15.7136241  21.0082642  8.92058267
  10.3126625  12.4687078  5.69242528
  42.4432841  54.1395484  105.571385
  7.51515313  16.1717645  0.016682976
  20.7367573  16.7778228  7.74263073
  18.8582325  11.3775383  12.0720553
  19.7128281  6.86217838  11.1605185
  8.07751524  0.0722675889  5.60390026
  96.5165837  35.353652  95.3432261
  102.262655  47.6404854  3.7647187
  102.51047  79.2420953  111.759517
  18.6543805  1.0432172  19.5197258
  16.1776903  18.6589624  11.9681028
  84.2791911  50.5236008  1.35589632
  53.5123019  95.3681772  54.3277044
  0.957213954  3.14391616  19.0098266
  18.1738432  24.6483473  76.2723988
  17.4423676  1.86225719  6.93193659
  1.45663575  3.69972528  41.0316672
  2.74082991  6.89675907  19.256854
  5.47339328  4.48225953  14.9909434
  11.7410837  21.0460109  6.19868076
  96.3501271  121.147181  108.118135
  19.8410741  17.6018931  3.86637683
  17.4943987  3.47127289  18.8013837
  1.40816869  44.3311181  63.2179325
  103.210075  62.2269847  3.72298022
  4.65538798  16.4454506  19.5336736
  18.9561299  2.32479141  5.06893271
  85.9508399  51.0278796  4.81810106
  4.68987883  7.47017848  7.50351376
  21.213745  45.6565013  69.0152812
  8.39246298  2.04125451  12.0377051
  3.60486873  1.42773967  6.72764995
  10.4069871  2.88299853  7.28553093
  15.9335819  12.6899701  9.55334448
  89.6195694  90.5825059  8.13962572
  13.9708621  0.573014138  2.87624286
  80.6156462  55.5363483  13.3581219
  16.6820636  7.64797938  2.08807747
  2.15803846  0.790931689  18.5815191
  88.2325875  43.5475158  39.9970267
