           1
       10000           1
  0.364486306383925       0.369960026402194       0.363286380843121     
  0.369896647709763       0.358760419173404       0.364669151675606     
  0.241919083324353       0.237162408893648       0.250368047835863     
   232.277827639457     
   23.4902738299327        23.4902738299327        23.4902738299327     
         100
           1
          12
           1           1           1           1           1           1
           1           1           1           1           1           1
           1           1           1           1           1           1
           1           1           1           1           1           1
           1           1           1           1           1           1
           1           1           1           1           1           1
           1           1           1           1           1           1
           1           1           1           1           1           1
           1           1           1           1           1           1
           1           1           1           1           1           1
           1           1           1           1           1           1
           1           1           1           1           1           1
           1           1           1           1           1           1
           1           1           1           1           1           1
           1           1           1           1           1           1
           1           1           1           1           1           1
           1           1           1           1
           1           1           1           1           1           1
           1           1           1           1           1           1
           1           1           1           1           1           1
           1           1           1           1           1           1
           1           1           1           1           1           1
           1           1           1           1           1           1
           1           1           1           1           1           1
           1           1           1           1           1           1
           1           1           1           1           1           1
           1           1           1           1           1           1
           1           1           1           1           1           1
           1           1           1           1           1           1
           1           1           1           1           1           1
           1           1           1           1           1           1
           1           1           1           1           1           1
           1           1           1           1           1           1
           1           1           1           1
   20.6475215686946        17.7016616600120        19.6219651827047     
   22.0193363370534        18.3257257213443        19.7346341082138     
   22.5153966634383        18.9349264304159        18.4161808721053     
   22.5148469118697        20.2471686601810        18.3300264449753     
   20.5265798150163        17.2104676874178        18.5554284413958     
   20.7009451919669        16.9750870132124        20.4194272769685     
   19.7812501463136        18.1689477778227        19.9233577642165     
   22.1153264412955        19.1246105950257        20.4936617004161     
   22.7450937603026        17.5206078717489        19.9419708010302     
   22.5650828873379        18.2258608004306        17.4574733027208     
   22.9994986204261        20.6229647584623        17.5544041540474     
   22.3578373115403        20.8170786357220        19.1624993949664     
   5.79167659257530        17.9197275290691        3.41370637658865     
   6.87126227058740        18.8588359288168        2.80457285032338     
   7.94069771121820        19.2658111796743        3.80491804185032     
   7.89840276486981        20.4799689222597        4.21719554602338     
   4.97054460186934        17.8519256307645        2.66430383323428     
   5.23445923826330        18.2389574222562        4.32005923231551     
   6.21008507364530        16.8714788725113        3.57811403120469     
   7.39604173750011        18.3380536131003        1.96726789006664     
   6.40415679216193        19.7589949735621        2.43412846343213     
   8.75625525001352        18.4256732586756        4.27620734952255     
   7.36527442172490        21.1695529263670        3.60562408620062     
   8.53563825243942        20.7317136279498        4.96681886867469     
   20.2185008038437        4.91868139054248        22.3369844798527     
   19.8389069101151        3.86597705187599        23.2970090841491     
   18.6261435036447        3.07929438147949        22.7979720040194     
   17.4787141862417        3.04413282737186        23.4341670814751     
   20.9113796943366        5.69088235174464        22.6240614711796     
   19.3073403568909        5.49616530479745        21.9976386218766     
   20.5687241423448        4.54150847846576        21.3804545108658     
   19.4360646394692        4.26488924264925        24.2053999239799     
   20.7039115218380        3.18932333978844        23.5255898701874     
   18.7840229131777        2.53555504899205        21.7376160778048     
   17.3553702222699        3.52898546012315        24.3253119287563     
   16.6154858669381        2.82838542653420        22.8936970390036     
   23.6002167402851        14.0386463232660        6.25753629628465     
   22.1933643061697        13.5927699847049        6.53275115481204     
   21.1746603661013        13.8743280503225        5.49384241839260     
   19.8987511518239        13.6749309580130        5.70369212274117     
   23.5572791727471        15.0678744819650        6.32150736361747     
   24.1969784503846        13.7725891587826        7.12748579058307     
   23.9948456549682        13.7098710171236        5.30316695069470     
   22.2522854722808        12.5599381585735        6.62168927093821     
   21.9569344183348        13.9098669214813        7.55399618346414     
   21.5580085332085        14.4040923474926        4.46657294357507     
   19.5811406864000        13.0151453206237        6.48079976261412     
   19.2920706074647        13.8387751757380        4.95496863624016     
   6.78054651076179        13.4807676075417        19.9303791443515     
   7.27541254577801        12.9719978180125        18.5755592645356     
   7.53870727443030        11.4556431725604        18.5749562646607     
   8.78947437672294        11.0141341633076        18.3611475302661     
   6.92145492573655        12.7729103451179        20.7290625517990     
   7.20074276545760        14.3703259560464        20.4157426192229     
   5.74153400163379        13.6390112772039        19.9259241627419     
   6.49065899636121        13.2644405703046        17.9046966231164     
   8.15552932129714        13.4543195743791        18.2880911926810     
   6.65051251530927        10.6356105440002        18.8392163600339     
   9.54605312939136        11.6340192078760        18.2187818950451     
   8.94838362880187        10.0039284681823        18.1907883319015     
   1.18015933033362        4.52909821026032        19.4919211553455     
  0.682521161514813        5.00065952793070        20.8638373928828     
  7.201440503143697E-002   3.89096616576171        21.7262900986437     
  0.346984366977599        4.10033182262666        22.9539647158612     
  0.433443155612525        4.02718573168904        18.9484560200866     
   1.37270887287990        5.38906389456818        18.9403839873922     
   2.12960311590164        3.91164312868147        19.4825571483023     
 -0.127570688411048        5.74604288164045        20.8005016497240     
   1.44756615650810        5.59438208410979        21.3203880481759     
 -0.414327481625443        2.85124516252325        21.2413431370801     
  0.158960501067578        3.46612047498478        23.6959901292787     
  0.870951420713408        4.93184156516128        23.2479791768708     
   9.72121022755179        5.54935999470093        17.8637663004931     
   8.32248730476518        6.05990352923279        18.2874319615830     
   8.01030612369276        7.56485567269937        18.1166561148793     
   7.31727844463345        8.09553894403353        19.0993458115465     
   9.60301158491992        4.46742997404767        17.7342223369627     
   9.94297421818421        6.06502536034802        16.8771864895904     
   10.5425154835800        5.91230257830455        18.5174177318352     
   8.06748811025880        5.68455472280625        19.3026146583824     
   7.52391699004580        5.51779457456829        17.7356763900986     
   8.49200248814286        8.24331685858337        17.2651080269765     
   6.90344247303034        7.61922541616816        19.8258311687778     
   6.82974129267876        8.98909795092240        18.9209469134112     
 -0.352379726894276        11.7472166380872        1.39469157645408     
 -0.543492908609060        13.0586116836533        2.12209647715190     
  0.520987213110596        14.0592180169758        1.91433949023172     
  0.636616277922469        14.8575912754715        2.94881611317516     
  -1.00826042260784        10.9637392128289        1.82907441253967     
  0.651170052956748        11.2735798393575        1.47099319006664     
 -0.609392236844087        11.8596119990394       0.350641935111850     
 -0.681160774270165        12.8420174658266        3.14799579839898     
  -1.49949530601278        13.5548178767482        1.95734303706659     
   1.33309942507166        13.9306710388149       0.994543123344178     
   1.40249658909741        15.4709746920335        3.05460040467859     
 -3.192852516497537E-002   14.6780335313873        3.80736396466001     
   12.8536461915733        18.4584663392483      -0.754836312647065     
   12.0489304838440        17.3824426540649       0.125552340931730     
   10.7530599536625        17.9399895323467       0.800709362542324     
   10.4794338003918        17.5169912760940        2.04954583933942     
   13.2349752768098        19.3781021252369      -0.312373115868385     
   13.7115220548162        17.9703533193772       -1.24434602454057     
   12.2490308785473        18.7906320286338       -1.60368553912669     
   11.9457992811370        16.5328604394767      -0.624426512417067     
   12.7398066762096        17.0838172303363       0.837159773054113     
   10.0608115171767        18.6595791011386       0.239706652170098     
   10.9269136524753        16.7344328966885        2.54275965086805     
   9.64005500601420        17.8851866249721        2.59313783107333     
   16.7845998384911        22.9435311979771        5.03773759383236     
   16.6887495381530        21.8304722271960        6.03287365719225     
   17.1464931770219        22.2184557008192        7.42298026929963     
   16.5551457745623        21.6765327485217        8.52245346381743     
   16.1680356550254        22.6096310375565        4.23454741871978     
   17.7810186523764        23.0759239787114        4.60526353670296     
   16.4121184560948        23.8495233124153        5.46535596497003     
   15.6828995355111        21.5066831712553        6.14155370078999     
   17.2555329912251        21.0021137568003        5.66909037027956     
   18.0759173052646        23.0375923108976        7.64758850437681     
   15.7129782318160        21.1456025990055        8.32236709224095     
   16.7869716860081        21.7651134293977        9.51831453635270     
   13.8245314678938        3.51063459358834        17.9914872786335     
   13.0622648498071        4.45890277671875        17.0669482429740     
   12.0826139522028        3.60119280207006        16.1952557681454     
   12.1778133802347        3.51275253357407        14.8617162907193     
   14.4793502561297        4.11011395071319        18.6443881204299     
   13.1680541348473        2.95745436791546        18.5758625315102     
   14.4246227586332        2.87385632971135        17.3643895466843     
   12.4713357467434        5.25492689605907        17.5363276959159     
   13.9272599370198        4.96426673266864        16.5427220524605     
   11.3741198473322        2.78323202913667        16.7720695057890     
   12.7693774298734        4.27302583491461        14.4387645414297     
   11.9072007807576        2.71377760836829        14.3403918943252     
   19.6413949581015        10.7084848806513        12.9978394282985     
   19.8623652317978        9.48404822421332        13.8474868128426     
   18.6381116068472        8.81621551876719        14.4402858190362     
   18.6598362876729        8.77632728509098        15.7466619909853     
   19.0848271529794        10.5651436911766        12.0447123140443     
   20.5540956621232        10.9378294544597        12.5683945159715     
   19.2016607182600        11.5517021846780        13.4833452693449     
   20.4068993890272        8.65629855891106        13.3214954216694     
   20.6110650897669        9.83485302926669        14.5948666323455     
   17.6851981651773        8.50179647748096        13.7438634440133     
   17.9516582889292        8.29746426630874        16.3179011511504     
   19.6147069319576        8.89562805614477        16.0760361559235     
   19.3255147429825        11.5128509180022        22.7183751761888     
   20.0684792001122        11.7437779333530        21.3814743884112     
   19.8928455982806        13.0671075452606        20.6433036623702     
   20.5168953567980        13.3437177591309        19.5449377368867     
   18.3335130693562        11.4187335691720        22.5775646795467     
   19.7083729971175        12.3150007356828        23.3532818835093     
   19.5668675477317        10.6443908362096        23.2781788929221     
   19.5222829436335        11.1448985780172        20.6991041853506     
   21.0678681496460        11.2371813685179        21.2337118279698     
   18.8026673288680        13.6356275680838        20.8134084621684     
   20.2550905645668        14.1438101741851        18.9185466281290     
   21.3344898849695        12.8383010136252        19.3512098283975     
   16.0371342160553        19.9367265713895       0.585364364305441     
   17.1492926157818        19.0962961157660        1.21967571720478     
   16.9046001550943        17.5894028069041        1.38405933047195     
   16.2876363780798        17.2230631269632        2.49971910009372     
   15.1458215379428        19.9129228800557        1.09996798917560     
   16.4169984641465        20.9411582943546       0.698220997851325     
   15.8746638256686        19.7154437385089      -0.456640524871635     
   17.4184089426151        19.5783768496539        2.09478810890478     
   18.0023857454938        19.3109418095679       0.535208121070690     
   16.9862558279566        16.8874151975278       0.404212893750006     
   16.3222239275767        16.2356412377649        2.58543671930013     
   16.2215363595294        17.8752837837738        3.22784100050393     
   20.7226034937216        13.7023733078627        13.7458816734944     
   20.0374034278788        14.8052612025190        14.5881365376088     
   20.7011280379382        15.3679699923549        15.9006943607836     
   21.7462317973280        16.1856814540510        15.6980751106434     
   21.7250227850630        14.0184423396455        13.3590464327858     
   20.1408482715499        13.4894340234628        12.8724819097385     
   20.7712822167994        12.8029523111825        14.3633933772440     
   19.9094641492466        15.6105019449467        13.9089783437908     
   18.9861209381299        14.5413922804747        14.7588865825575     
   20.2683523366906        15.1075803264897        17.0043776904196     
   22.1009174359142        16.6612533608277        16.5411750990130     
   22.2264013454984        16.3705532831924        14.7939101881545     
   1.24804186618638        17.7717122226803        9.97971525459432     
   1.56166754545769        16.5221951724438        10.6506066040803     
  0.557510611183847        15.4267795932876        10.4407903378806     
  8.782043717045278E-002   14.9156647801225        11.5523630863472     
   1.98223949109518        18.5699211672704        9.92769172716625     
  0.250628661676138        18.1477064724162        10.2564342671048     
   1.06274648736643        17.4577675355851        8.91055946215038     
   2.56410184460630        16.1278422112967        10.1043279789609     
   1.84658132648259        16.7816206291324        11.7235337823692     
  0.344789699036325        14.9182366478534        9.35214020938047     
  0.131547265901924        15.5627009492812        12.3045981447614     
 -0.564479653028531        14.0610429999364        11.5946428899902     
   22.6512926057442      -0.804673162870023       0.809343611917745     
   21.9544451424871      -0.113693076601990        2.02944430296634     
   22.9747374788689       0.585737573521211        2.86592627112737     
   23.0980842376677       0.195316159588521        4.14163225756613     
   21.9048405174847       -1.32454126482216       0.182863719483652     
   23.3226896293850       -1.58555379105837        1.08042066160214     
   23.1811139143921       2.322027596402249E-002  0.332147818036828     
   21.3833022939088       0.772295037014024        1.77033942111397     
   21.3085047297362      -0.749093892714643        2.48699983733024     
   23.3779961261877        1.77753918568745        2.56277833250327     
   22.7313735306217      -0.696318866497810        4.46268926380959     
   23.7424429276305       0.645992427738644        4.76032231270584     
   1.76787027811603        17.8869593159884        22.9508082268236     
   1.24527895957052        19.2195033293339        22.4111046662167     
   1.89488542612882        19.6994268830659        21.0427638103333     
   1.45892816649615        20.8045886758624        20.5343505287150     
   2.74662401059596        17.8702106052193        23.3943905631632     
   1.73722419884579        17.2073480588660        22.1591963857875     
   1.11491073731724        17.6022197759315        23.7909053118361     
  0.148442986736614        18.9754389251211        22.1241965796978     
   1.07638329660921        19.8771888688447        23.2186004538799     
   2.54040842273328        18.8908071242825        20.3602788622295     
   1.44153904424470        20.9933407717690        19.5099487131202     
  0.841984073888013        21.3482790602111        21.0646926112904     
   21.6392616318348        9.88322544110560        5.26047250491709     
   20.2060884864916        9.89419703041352        4.76872731616512     
   19.9920855292689        9.69010578471583        3.27984991154061     
   19.9326407426978        8.45458928166192        2.85202134911276     
   22.0547944620948        8.87522801028539        5.08086636499402     
   22.2278456148496        10.5939763306617        4.55915129183118     
   21.7631048507522        10.2590742567020        6.29445611890803     
   19.7417645190629        10.8089194192805        5.00952655481147     
   19.7774897081516        9.02394614540030        5.22030607571127     
   20.0765703744285        10.6349914907509        2.50638500203990     
   20.4189924269831        7.63051355973209        3.26895718084093     
   19.7895240606673        8.31649925418638        1.85456374676307     
   16.6662586213512        11.1088321732786        6.21862029450500     
   16.5945086416643        12.5070463384407        6.80764403905876     
   17.5928985196694        12.6776683855126        7.96600758102502     
   17.2781684633524        13.3619302785133        9.05618084798546     
   16.1962900066101        10.4760206863438        6.95897868814630     
   17.6945079895113        10.7778006708552        6.03025191496652     
   16.1431660356590        11.1067234789381        5.30606558945809     
   16.8242842970873        13.2623606987442        6.06699841865542     
   15.5613640322560        12.6366968754035        7.08979963030755     
   18.8227080724736        12.4181384237305        7.85066438552379     
   16.2808613863455        13.5800559632711        9.04613158332183     
   17.7075130207120        13.0677357254771        9.93342559547280     
   4.70580117625482        15.9687566300324        23.5141629394075     
   5.49015956710557        16.4130601860101        22.2296787854242     
   6.97031224111603        16.6906537001285        22.5486369118019     
   7.52506226682755        17.8280734992162        22.2076806038337     
   5.18158781089930        15.2427882273161        24.1516701734045     
   4.61264939021384        16.7293500011775        24.2253852507885     
   3.63170021702897        15.5512511454495        23.3473744806739     
   4.99716662423509        17.2667083203040        21.6978804893822     
   5.40568673214316        15.6693133828300        21.4274112524755     
   7.53667950202146        15.9595884644173        23.3583957309842     
   8.37141439933923        18.1728883280907        22.6627352793015     
   6.92278124150968        18.5813673265627        21.7016052838768     
   2.40036594866973       0.471605923343502        22.1826621897454     
   3.11359861797612        1.76176482205395        21.9652413262455     
   4.25552821687621        1.70876337024378        20.8906730159143     
   5.07103347883958        2.76944299286073        20.9525819077762     
   2.45767939033916      -0.168890029805484        21.3389907125084     
   1.26296984491786       0.625219293445439        22.2811671621559     
   2.85388497447671      -0.171181519048753        22.9210233153015     
   3.55338927960740        2.09611157587437        22.9053455310816     
   2.36988979291169        2.42028645015097        21.6062774750760     
   4.55500580712955       0.666468897268585        20.3666213972909     
   4.71052239017772        3.42002778008143        21.5648001738385     
   6.04754702511866        2.65082930214068        20.7298617301789     
   7.95235042798239        6.51139253359601       0.376498926589616     
   8.60036676345156        5.27040279172413      -0.337799653217774     
   7.90024900012461        3.95663904562752      -0.167979675587900     
   8.64309909998055        2.91637689399061       0.277426887158951     
   7.00470292133441        6.92423764261622       7.240687287648498E-002
   7.89530581500290        6.28921236864177        1.47062098001203     
   8.67575723102590        7.32631924325289       0.213345874930005     
   9.65306218639433        5.15429328601467       4.509401022338556E-002
   8.57510542222711        5.57565159975792       -1.37361680972996     
   6.63896468778968        3.94381068796346      -0.158112772117129     
   8.23256991103840        2.04184106467755       0.486557056040124     
   9.55932005028236        2.98490472640376      -5.556248856550315E-002
   6.95002642520781        8.24794101376517        3.43046335998620     
   7.94722846800584        9.29724703155118        3.17345667267167     
   8.39914282534302        10.0449508089939        4.48357798820278     
   9.43352224938911        10.8448336921797        4.34410298224628     
   7.41622757565138        7.41473429637345        3.97682335865218     
   6.43233673253814        7.91504568042990        2.58789812406420     
   6.03499106852108        8.47789641977008        3.91975003912073     
   8.96970629171905        8.79462487763050        2.89512652519597     
   7.58656605152517        9.99614073006451        2.44952147950632     
   8.07777564351796        9.68642777976412        5.63121978450431     
   9.75142308529378        11.3730892696175        5.15927301486669     
   9.95249486058151        10.8746084308716        3.47883457123900     
   9.11678692341716      -0.999716925559985        19.6006137646956     
   8.79613575616612      -0.109661237302270        20.8376194739269     
   9.47188347865433        1.25474741974035        20.7170995628631     
   10.6654985432107        1.37017609220720        21.2249228598390     
   8.94329702660433      -0.546072286082621        18.6489821233873     
   10.1044804260156       -1.35708076706878        19.6706282189628     
   8.44898996975491       -1.85934597512523        19.6346608572839     
   9.03412348140861      -0.626210282511056        21.7812252662910     
   7.72362006990323       5.680399268200266E-002   20.9158824238265     
   8.85749318135264        2.22239176415272        20.2896636766748     
   10.9697288225099        2.24693523480010        21.3511184193468     
   11.0691677005343       0.535315368281273        21.5661277789627     
   12.0788351420356        5.33621255545490        21.2114600126679     
   13.2470982088562        4.73567720662009        21.9720219703734     
   12.8722199547835        4.17851817330132        23.3506179424631     
   13.3558271800323        4.80388394975711        24.4162509769052     
   11.4209743541626        5.94233244182737        21.7560543918566     
   12.4761597169079        5.91373592709986        20.3788652819291     
   11.4467755951453        4.57168716661754        20.7805216337993     
   14.0579828129041        5.41289874583752        22.0402154015174     
   13.6694292784764        3.85648388554703        21.4984598719134     
   11.8017869748355        3.52648585230507        23.3947594055132     
   12.8524621642698        4.71893347466695        25.3129843060257     
   13.9595724247963        5.60251273533555        24.3585259290934     
   7.58872009495007        11.3370332597239      -2.325767893438112E-002
   7.92304008690948        12.5486766087955       0.887917808119113     
   9.39955603644830        12.8881404366210       0.955960058961483     
   9.61963687279207        14.1357425637437       0.607653284861539     
   7.74082256954984        11.5027711449628       -1.07830694796511     
   6.56422442139974        11.0969597621894       0.113240618932612     
   8.24560455847426        10.4604053464217       0.226843101777206     
   7.31247230430928        13.4352849419005       0.624561786126561     
   7.55137801892245        12.4024237951345        1.91251210182943     
   10.2004417824558        12.1030060666291        1.44696435521388     
   10.4655883837107        14.6661413308477       0.864979119726013     
   8.90458121406096        14.6315993130720       6.537501412958746E-002
   9.85377303813966        15.9643914571206        19.5875127722690     
   10.4222596214575        14.8960285757904        20.5537360756471     
   11.1020517986775        13.7756665369885        19.7359099416756     
   12.2302205343056        13.3153889403042        20.2603361656234     
   10.6110245119917        16.3696490273298        18.9251213753952     
   9.03233472806582        15.5705113883071        19.0436640727740     
   9.48788347269642        16.7570163738015        20.1500317666614     
   9.69115402795365        14.4261506669233        21.2192602992880     
   11.0922521576547        15.5732087010375        21.0930237280823     
   10.7456164186720        13.3888737419734        18.6678901244579     
   12.6767083477609        13.8017971192176        21.1694136228911     
   12.7477006499709        12.6589255640915        19.7217142788910     
   11.4004733643330        19.2095203867335        6.23770595890342     
   12.6292724156056        20.1376052613132        6.01871054094007     
   12.9597485078202        20.8475297450814        7.33654114516579     
   12.0607518072793        21.8098083386841        7.69129736009970     
   11.2766549791240        18.8238062715835        7.26000018020452     
   11.4156683718071        18.5106187764985        5.42146528619630     
   10.4890698200840        19.8379315526008        5.99257138119109     
   13.5149637883693        19.5318073975920        5.83589526429420     
   12.4431481273831        20.8658837600416        5.24310560204060     
   13.9163179980565        20.6048054184103        8.06266978295898     
   12.1027190188784        22.2748269961554        8.57347891045275     
   11.5694025492725        22.4182898877117        6.97720305384791     
   15.8508557174010        5.94162273851133        4.49697022545866     
   16.4760771096416        4.60089000454311        4.84120604623771     
   17.3195920259674        4.00869757342324        3.66429144856129     
   18.3695050966547        3.33418829303350        3.92281027357549     
   16.6479473388947        6.69643798135334        4.43790649048681     
   15.0956176754023        6.21565425614229        5.13620737756617     
   15.2416160672315        5.90555930073802        3.57828996756118     
   15.6510622973182        3.87177648000280        5.02080361892787     
   17.1913795442655        4.79921324765091        5.64231302017419     
   16.8847251724997        4.14922581388865        2.46861912931262     
   18.8716157664879        2.97767546226744        3.16261606854083     
   18.6381001631599        3.13818581897364        4.91648609664156     
   13.2720768780733        16.6112362007909        4.80473686220948     
   12.0702269962024        15.6979176332316        4.79673428334565     
   12.1687535667701        14.7044925765466        3.58580486977212     
   11.6030083421508        13.5734381514036        3.80643378440230     
   13.3947305720151        17.1954810530861        3.87238504653991     
   14.2153054682012        16.0497176570777        4.82678815333294     
   13.2672435472587        17.2868906619686        5.71113258811998     
   11.1489450895906        16.2176424553018        4.95145010831796     
   12.3087372927726        14.9392071423033        5.52074311308686     
   12.2215764661070        15.1072207526358        2.41686499646358     
   11.2347741387298        13.1985354306905        2.95314472493006     
   11.3571510103821        13.0682105169966        4.69500648018142     
   15.6564232286813        12.2206671719987        2.94306328661476     
   17.1554824417331        12.0099664683575        2.73130632617415     
   17.9891274603250        13.3430370217906        2.52006502303322     
   19.2998032359604        13.3214806573709        2.38646479745262     
   15.2532986580567        13.0044745842919        3.63355049728427     
   15.2220835580535        12.5046798980295        2.04374442749580     
   15.2314425101097        11.2834226706582        3.20615991026487     
   17.5804115323945        11.3161853206278        3.39917365975909     
   17.2017795607439        11.5776302225071        1.71787089173382     
   17.4215587941314        14.4157027261906        2.81664802025877     
   19.9288540520109        14.1115388948363        2.41646015687426     
   19.6156185128675        12.4178358328213        2.14648215846282     
   3.53202478704345        14.2844706702241        4.84641462733403     
   3.97757025040154        13.9780854680868        3.43484556914687     
   4.28487125265219        12.4905698087748        3.03857276100450     
   3.62046636127348        11.9082790649242        2.06503717793780     
   3.01803669545603        15.1745241494287        5.09084288541225     
   4.38162019156372        14.3149764307077        5.51105874673886     
   2.81730048358288        13.5950991021730        5.17768592627919     
   3.07785501459192        14.1847741650472        2.73748573470006     
   4.70692027763484        14.6557034605964        3.05066799473188     
   5.10420209014705        11.7978662840388        3.60037573618822     
   3.02056910895410        12.5698725629475        1.58003284739514     
   3.83992783266920        10.9515870793866        1.81820233393593     
   17.8365485025232        20.4239579344219        18.3983890031420     
   18.9517857387145        20.5678555175707        17.3695741335849     
   18.5289814259401        21.0870419261078        15.9862108072921     
   19.4836522847107        21.3938299841112        15.1052754024658     
   17.2024373552140        19.5204070256456        18.2139062464256     
   17.2739974039407        21.3503849220307        18.6164717734569     
   18.0376772847930        20.1462179486953        19.4301959062192     
   19.5405037640734        21.4013148588822        17.7408358129700     
   19.5438672451369        19.6648955260318        17.3836413820408     
   17.3165612270676        21.0084573473655        15.7014101268065     
   19.1109950448688        21.6575703352543        14.2178374901508     
   20.5075027374197        21.4144830094006        15.2581545593651     
   23.7240874967269        6.44406568915691        8.11852355391948     
   22.3219292211469        6.15792508203925        8.71084897698482     
   22.3711216474096        5.59404436936840        10.0913074197441     
   21.7414035580961        6.34573780457714        11.0344910054678     
   24.3322620042133        5.58788446012124        8.29378620415559     
   24.0884090087621        7.33150746131863        8.55194947537355     
   23.7408138970768        6.54050519140289        7.02131435170158     
   21.6967938571222        7.07894818807642        8.54231096743677     
   22.0289347605855        5.33377564608100        8.18207196147289     
   23.3003307486238        4.86265625508723        10.3831058288080     
   21.1088113888192        7.17789065821496        10.8063948892822     
   21.8987171489126        6.26711159700290        12.0327113645166     
   18.1840403714504        7.14069933063901        8.37168694650792     
   18.3178388590136        8.62808627768464        8.48091143201964     
   19.4354668387604        9.02524340368804        9.36632753853204     
   20.2571623664727        10.0285783057083        9.02791440747503     
   19.2155011221560        6.73026207038968        8.38445602193028     
   17.8872246372701        6.65884086109698        9.36658936986214     
   17.5634928648000        6.73996132388283        7.51727847773865     
   18.4174428452558        9.04606410764129        7.49558679879248     
   17.3459558424343        8.83609145386847        8.84450279557215     
   19.8502717313617        8.30627619253723        10.3210227533026     
   20.6779801862120        10.2864346184324        9.86195411791881     
   19.8870929403772        10.7130711678416        8.37089713149298     
   4.51291365162133        17.3828361033846        8.48837499752470     
   5.69406906459273        17.4626943683483        7.42159166143873     
   6.89859892034300        18.1529508014036        8.05646877224345     
   7.85017904318453        18.6288974374276        7.18951482410317     
   4.52219632946413        16.5702284688120        9.25092162955398     
   3.68810964490163        17.0619362161740        7.87533642475007     
   4.21120856328718        18.3621141925735        8.83283792408036     
   5.97660935724335        16.4839167322640        7.03753662802005     
   5.34883860766230        18.0431760472726        6.58766171851036     
   6.84437296373581        18.4994747124204        9.23648868477727     
   8.60982033080658        19.2706741434386        7.37631706263956     
   7.76783063617401        18.3103737708397        6.17655340156041     
   5.46871989155002        20.3738389939489        23.1191494453189     
   5.14403668953820        21.2504189543566        21.9287084121871     
   5.46995661007360        20.5579130719751        20.6002444417426     
   5.42493998652621        21.2094632064968        19.4529961392819     
   6.56078196998993        20.3136490789661        23.1782021435322     
   5.10139083791566        19.3557265170189        22.9722176052759     
   5.01992299623059        20.7718178067600        23.9941244922934     
   4.06678645047072        21.1621545665658        21.8434164305549     
   5.48397973127140        22.2629919398709        22.0642446107001     
   6.14694919125303        19.5470652470317        20.6777207384842     
   5.94329065037340        20.8772215795423        18.7274912552250     
   5.19446797600416        22.1952013119215        19.3697811930473     
   4.86841956353113       0.177170443362740        2.93975596551799     
   6.15473227469993       0.923955842291311        2.58312963817640     
   7.42456648901178       0.151415175965368        2.97899592942801     
   8.40770256558810       0.826708274449293        3.48994835717202     
   4.85161950780944      -0.860245669958314        2.88365466127613     
   4.60494048744350       0.399092738878996        3.98775975336383     
   4.12057314517589       0.643508940910437        2.26736398808233     
   6.26011929613284       0.933884287090217        1.50224342215935     
   6.03377721416856        2.01897314276179        2.84311355997234     
   7.56760630121616       -1.01810407594255        2.64675779147606     
   8.42614885181279        1.72625158797714        3.75206137823146     
   9.21157824722988       0.231674799375147        3.42465778086557     
   6.74979777313005        2.50537324293743        6.49189583024877     
   6.74443383961406        3.92921965909768        6.11843014101479     
   7.09540226654691        4.04586240418330        4.64663538463187     
   6.28961529059449        4.81166244281652        3.91299799626867     
   6.18777319668001        1.89299379070396        5.85291405964017     
   6.23563200083170        2.38749182442978        7.43111680531308     
   7.79782149964540        2.15261333124512        6.60781883779280     
   5.83616859396617        4.43330044377758        6.35494183342419     
   7.59729293442790        4.41056567516512        6.57812672986451     
   8.01410398962209        3.42950760736868        4.10082848586659     
   6.40800829064660        4.93697175524203        2.87782415094892     
   5.70225243698362        5.45915794557599        4.44722518699778     
   8.30369905536960        14.9770856257622        4.81642549642521     
   7.51930443425999        13.6467597748830        4.91139489849729     
   7.23167680708026        13.0598493567101        6.27693795717558     
   6.20222752216493        12.1570585343257        6.30009649312768     
   9.13285756783120        14.8817359264520        5.53534898363823     
   8.63998526205243        15.2428988725145        3.77466712055421     
   7.66606846008553        15.8651478811180        4.97672705112173     
   6.55064450155866        13.9821944598572        4.54354461649596     
   7.78847217286648        12.9215770451011        4.15815079491742     
   7.72772780024258        13.4894684846801        7.29086375217583     
   5.89736698284481        11.7401573748670        5.48691262390752     
   6.03596966544092        11.6942949088280        7.16232331497611     
   13.7734040418968        23.0333200654561        2.19876102688199     
   12.7244329352369        21.9694409639728        1.71809304666822     
   11.2373505527756        22.1747640914268        2.16086781624546     
   10.3162180129618        21.2712745334390        1.82077069881301     
   13.3970643000075        23.9711314224072        1.92030599994654     
   13.9051056131759        22.9083591436769        3.30424039138394     
   14.7242305013735        22.7860425729505        1.74036175941317     
   13.0033413204152        20.9086388522669        2.01589184871840     
   12.6397221599374        21.8671199182488       0.630238249178569     
   10.9056718402343        23.0771789856133        2.87490207544139     
   10.4711990648723        20.4528422319665        1.14175349535550     
   9.36958743828098        21.5246034289269        1.99750102205687     
   12.7421701367970        10.1424896558272        6.08020269118740     
   12.0638731364307        10.6739066325337        7.30434669035398     
   11.0623387310237        11.8180400566627        7.11175481231761     
   9.93396639357401        11.7965814166447        7.85169604630835     
   13.1312222236264        11.1277885573898        5.67929497000141     
   12.1387858850341        9.59527357008039        5.39835727336728     
   13.5071940267568        9.47927490986842        6.36759897308892     
   12.8787318596392        10.9085241244420        7.99184377599584     
   11.4674832418734        9.95381137180803        7.80595869122757     
   11.0255825679853        12.5657694914715        6.13689400391240     
   9.30440360459654        12.6230377339444        7.63405475649563     
   9.78675314641236        11.1261599838768        8.66911440530646     
   11.0526253501477        5.82768068047527        6.10676917751070     
   11.6656700267681        5.35071328800954        4.80455140068088     
   11.4836432034818        6.38767784338436        3.75173178149155     
   10.7728274161234        6.10461260742864        2.71183142904246     
   11.5351868974624        6.71508051581978        6.53216424166609     
   10.9391868835117        5.17226509934218        6.93325752779199     
   10.0301250484889        6.19039939669371        5.88800264848578     
   12.7760169422323        5.41831449683785        4.97292216875370     
   11.3577707528614        4.41259658990460        4.42067741615056     
   12.2060307328027        7.35513023635144        3.71189439607889     
   10.9307747043785        6.53519371461663        1.75644307869319     
   10.2738203444570        5.17237971981737        2.81456587566922     
   16.6789714818731        23.9495470812460        12.6713028797280     
   17.8288170046849        24.1446063699422        11.6047426589001     
   18.7000956042317        22.8606688048712        11.4509991033831     
   19.1769020997884        22.6487524562088        10.2759919806094     
   17.0702210321624        23.8872681791615        13.6781308657587     
   15.9090412078827        24.6881986154815        12.7717681384263     
   16.0054023828174        23.1249975339426        12.4202212749186     
   17.3510335169725        24.4540301539475        10.6333434924883     
   18.3684421723856        25.0047728459817        11.9503782950447     
   18.9410422082913        22.1759986797892        12.4273262311176     
   19.6381034520450        21.7812807861139        10.1586358828156     
   19.1398123030981        23.3185852315425        9.53334996287411     
   13.8012162935894        2.53567222314268        7.60205613958493     
   13.0655458892691        2.09031232096545        6.32751384312507     
   11.9041226899009        1.20385165371786        6.56373078876727     
   11.2724635180474       0.849592424641685        5.44880418604290     
   14.8418750383127        2.78452609063998        7.39880622193622     
   13.3114890808791        3.36543379174230        8.20820575537510     
   13.8673933561650        1.76303707031103        8.38391881904081     
   13.8350123999357        1.64161967863896        5.66565985062771     
   12.8049666147136        2.90276161116076        5.69503317903098     
   11.3968544896118       0.957130531161381        7.64446232812366     
   11.7714969851352       0.954618834558277        4.55571409426934     
   10.3978951266244       0.428574563201470        5.46034779609648     
   15.8701901085537        10.6779975379124        11.2849547178052     
   15.3577707325112        10.3022969237845        12.6620547312619     
   14.0107222342968        10.8614872849487        12.9290476564178     
   13.7660139168531        11.3066230726850        14.1701214169366     
   16.9319083648847        10.4642441185603        11.1084096489482     
   15.7676764874122        11.7640727041931        11.1825549975759     
   15.3437582320034        10.1133660136401        10.5888841568942     
   15.3243828705449        9.27871847048964        12.8260718189530     
   16.2086541758182        10.4534086018918        13.3409502141273     
   13.2553977431353        11.2076478083013        12.0256360084852     
   14.2885607397294        11.1730150510941        15.0649449348804     
   13.0105999621363        11.9287210169967        14.2376504461105     
   18.6732027389770        17.7102801442447        4.99564282818582     
   17.5734946986983        17.0583102601976        5.77070387655757     
   16.2887525153612        17.7902750710120        5.93973743340006     
   15.5117561728365        17.5341612718902        6.97756658612751     
   19.6352027661447        17.1701644008744        5.07745163715441     
   18.8088048115265        18.6748372246921        5.50099193391522     
   18.3915566845016        17.8221014237201        3.93405515141035     
   17.3096988205772        16.0581467792585        5.40479500791387     
   17.9955938299173        16.7953004804469        6.74295135826503     
   16.0173713815438        18.5932146126849        5.12642985181412     
   15.8796974214706        16.7590839029176        7.62270721747858     
   14.6374911183100        18.0713458148964        7.04080228143370     
   20.2717953634994        16.4843354637056        9.77954541574799     
   19.0384977913028        17.3775442256463        9.71414708509942     
   19.3256398699648        18.8421763487087        10.1135940220268     
   19.0011835609428        19.2002822949106        11.3705497611838     
   20.0540323888182        15.7020527016866        8.98904231572306     
   21.1479804466260        17.0329078553453        9.41816268906338     
   20.5808312949322        16.2057337451376        10.7240140765245     
   18.3367790088053        17.3442961859528        8.86623321885632     
   18.3995565703708        16.8961791248679        10.4552119686827     
   19.8281810375602        19.5854903140061        9.34160685908634     
   19.3572127485641        20.0429703080564        11.7642978931231     
   18.4415253756819        18.5808703299654        11.9410968470277     
   15.6050653937495      -0.106152496752445        16.6623962956808     
   16.8331709962059       0.736408008407526        17.0461046365084     
   16.7607060566165        1.13009467891270        18.5400378085200     
   17.9389804776604        1.08516584674838        19.1963652851717     
   15.4134308180753      -2.025274766138115E-002   15.5713618627700     
   15.8529366524651       -1.12558697113382        17.0284388990268     
   14.6737400716673       0.295512212160681        17.1258732660243     
   16.7260049746140        1.56363597603935        16.4019858267174     
   17.7460083987718       0.213394473157007        16.8647057213940     
   15.7394309480204       0.998320813760681        19.2107376545620     
   18.6688329907120        1.61722376355198        18.7572976866003     
   17.8037918015181        1.08769686063967        20.1779001353894     
   2.46437796369753        1.36128614253580        6.90724391964127     
   2.79709797059611        2.48818202344936        5.86475386195973     
   1.88158623760921        3.70090823587535        5.84214518591831     
   2.34838712357058        4.79752895170675        5.19529639895386     
   1.34700926831618        1.12198708508627        6.81581671967208     
   2.58728844061651        1.74863905580104        7.87894772447926     
   3.05515682058068       0.458225080483010        6.75242202476975     
   3.73503919591855        2.94206513465008        6.23849062505763     
   2.96608830368580        2.28551262630847        4.86908281486448     
  0.725886590618695        3.52711143567074        6.10663447558104     
   1.85655983085098        5.66416998324353        5.40397831544848     
   3.25940973156998        4.91805456751275        4.80412151345531     
   2.43832927581270        9.08071144680119        5.70282219155257     
   3.30199958847919        8.24588961420741        6.56035155885746     
   4.62513871552855        7.74943571142463        5.88360998280672     
   5.73342625408709        8.03619871006246        6.42467548374981     
   2.50608826055021        8.84752842281587        4.59291531045785     
   2.74356889666658        10.1040565225890        5.76507034465021     
   1.43565613799091        9.09446458608891        6.04466637584035     
   2.73013744045996        7.33082018405863        6.72211242502492     
   3.37515129970507        8.69965154637818        7.58684563205454     
   4.57554257675278        6.84118620230881        5.02871769134425     
   6.57716049041697        8.09625197936553        5.94999961999458     
   5.69222119158064        8.68641715604824        7.19488378762894     
   25.0733725047803        17.7619579427073        14.9245726010690     
   24.3283963167291        18.5559079286519        13.8792311235493     
   22.9198480868091        18.2302415742836        13.6022254279869     
   22.0350862172369        19.1805685185382        13.5577206930990     
   26.1387369168426        17.6052841694745        14.7402397330728     
   25.0304676340198        18.0719453345405        15.9151452479009     
   24.6671202609806        16.7193827388384        14.9286365170666     
   24.8956782566159        18.4880959415153        12.9589764436568     
   24.2891551413287        19.6264577993712        14.1824728158162     
   22.7808642255947        17.1105058731144        13.2082659887153     
   22.3307781587074        20.1365643404494        13.8208105317146     
   21.0272059941811        19.0253618585438        13.5302263244994     
   22.9237025676366        19.0041896412134        5.56768313154627     
   21.8492573427628        19.3196374702744        6.60368388192342     
   21.2385743611861        20.7210408935414        6.38838096630277     
   20.1198976505062        21.0817576269066        7.07832951381198     
   23.5872602383449        19.7921514785987        5.49591826448445     
   23.3650470731829        17.9341025113630        5.82189248359907     
   22.3964300192237        18.8280967477412        4.66054673436795     
   22.0215619310042        19.2568310159652        7.65108865233002     
   21.0691766802305        18.5498987500487        6.43403707397924     
   21.7324855370271        21.4259921779817        5.50458436285631     
   19.6499322325818        21.9576868015145        6.85811211309118     
   19.7590833320158        20.4686947659768        7.82097362182049     
   9.12977251966037        8.15314278639393        8.34167238432875     
   9.49357218337242        7.76005651125236        9.78596713417998     
   10.1988976843479        8.90872764066475        10.5370375217732     
   10.6702795283266        8.67430491977999        11.7052702405511     
   8.52691244088314        7.47646844414704        7.73834505295067     
   10.0417727420811        8.27283777885496        7.68177335755222     
   8.65760950932602        9.13558886986891        8.13966787519694     
   10.1467215659014        6.94658836436501        9.70678907581465     
   8.62115798078256        7.52821733856272        10.4893661750464     
   9.91406747342898        10.1011152560844        10.2327060125041     
   10.9390706909983        9.45987889377112        12.3437787346355     
   10.4718883075090        7.80146883744977        12.1700347354423     
   5.27768861238657        9.64170468953281        11.7952492739742     
   5.47678716948657        10.8677476975933        11.0057897942151     
   6.01593759567976        10.5474089406679        9.56911307662273     
   7.24982400828752        11.0148135231199        9.30033447656962     
   6.10602937257387        9.10130334702017        11.9730188414141     
   4.61919712905371        8.88447509315254        11.3949192546590     
   4.82352167002938        9.92203706496690        12.6983504009693     
   4.60861557844048        11.5390538284356        10.9691015846717     
   6.21788602868089        11.4709212704829        11.5459852362091     
   5.40323759924608        9.93468390527657        8.66150612705475     
   7.77032158186777        11.6465191076371        9.95362732148775     
   7.71916375374012        10.8130289788975        8.42305018195203     
   11.7933675198464        19.4234851814065        10.6799785309817     
   10.5655102023399        18.9381168451309        11.5129210388878     
   9.38612420741995        19.9002349084119        11.5428696924407     
   9.48029754752627        21.0494429528240        10.9333074655491     
   12.6523518109875        18.7976897025523        10.8782644771661     
   11.7126079175380        19.5572939557026        9.68260218770257     
   12.1277365542017        20.3799776305056        11.0772580167543     
   10.5217003076007        17.9319067285637        11.1692868260364     
   10.9171126446540        19.0307616008538        12.5066018276084     
   8.50390475780238        19.7368485596053        12.3744999832139     
   10.3910621201052        21.1515036229354        10.3650948248189     
   8.70935855191303        21.7497441317794        10.8046221521707     
   5.95513602712671        22.1524342805026        6.61383276972314     
   6.96066204089139        22.0651542887538        7.76423529247480     
   8.35968669358606        22.6506393600901        7.45977600048522     
   8.79848172229018        23.5455396185519        8.35895853602394     
   4.99741005859752        22.1074585664764        7.06910951094433     
   6.10944156310056        21.3699774352521        5.81360114671909     
   6.11809023078147        23.1560021158257        6.17428886492134     
   7.14353165651919        21.0837490481676        8.19278113951298     
   6.62131067571447        22.5527357718458        8.62511327231812     
   8.93056454088867        22.5492628956675        6.37030502768891     
   9.65724342148827        24.1035394049919        8.17795810103950     
   8.32704484228837        23.5688673128325        9.27943499259041     
   7.43403954548044        14.8471018233960        13.0695933622888     
   8.29024603597693        15.5088469876661        12.0146866588625     
   8.38765272153379        14.6770645492666        10.7286708338104     
   7.90290133994420        15.1577246113055        9.61840922710154     
   7.23885356570393        15.5867001109766        13.7449817396382     
   6.41047858934755        14.5260356530317        12.6888694413543     
   7.89066205224838        14.0908241817855        13.7625110001212     
   9.30034786499669        15.6348383221375        12.4351214630336     
   7.92530496825215        16.4935626823325        11.6758827960995     
   8.61393523410037        13.5004687296006        10.7581861222376     
   7.56928340870905        16.1388818316544        9.72768885787270     
   7.86624819142546        14.6231402875096        8.78977322755470     
   12.4550933706439        16.2514646176898        13.6506325654858     
   11.5337025497014        15.1511238468605        14.2280261049549     
   11.1698942725347        15.3334452755322        15.6578887070423     
   10.2276463081940        14.5664170140446        16.1152770944534     
   12.0019626363385        17.2341826144572        13.5223279815986     
   12.7640263332515        16.0093176928054        12.6736940850064     
   13.4308490197570        16.1558455500717        14.1762570920146     
   10.7360380576687        14.8546495292621        13.5759826847410     
   12.2656852185837        14.3671449748482        14.3144463007140     
   11.9891960804060        15.8282651559031        16.4753814693434     
   9.59942949646830        14.0568299222058        15.4738563021668     
   10.1778464164574        14.4092120081101        17.1233018437151     
   15.4284499458387        19.9608030607147        11.5005151648727     
   15.6551924016789        20.1285823426588        12.9717665363646     
   14.4724463371892        19.9362655088560        13.8601838871201     
   14.6403339666892        20.3770862054446        15.0831241701306     
   14.7277774430391        20.6054110554479        11.0804230113145     
   16.2012947898958        20.1614685985544        10.8362902563473     
   15.1600819843265        18.9510366764380        11.3189226580688     
   16.0973297154603        21.0686533148435        13.0903318035284     
   16.4290790694343        19.4372538135668        13.2885201262673     
   13.4602103951949        19.5317565937408        13.3865167646871     
   13.8789976348184        20.3420885528160        15.7565983419222     
   15.6070407144258        20.6823961487926        15.3595851822570     
   22.9324581371689        7.00879273985733        2.04984322430722     
   23.0439653670502        6.16756722182865        3.35807128383852     
   21.7416282090137        5.55947121165268        3.90439132432631     
   21.8077402297788        4.61165869570156        4.74328062343470     
   23.9078382652082        7.38520985977273        1.62045120010805     
   22.3131697718873        7.90806490160070        2.11538986783124     
   22.6478386637431        6.40371040930356        1.16505685443312     
   23.9069426008968        5.54855637258815        3.31883125512844     
   23.4066038644376        6.72489819033524        4.20668321996145     
   20.7164882258827        5.81652472373992        3.33177351123336     
   21.0202167215773        3.87454649863139        4.84406851829779     
   22.7355577710062        4.32028403560575        5.04611182331378     
   16.4528273023920        8.07173177873088        21.8429019976344     
   16.3467121214308        7.29852682372374        23.1614823378271     
   17.6922839494782        7.29382159527768        23.9493669841565     
   17.9652947655906        6.24250037567652        24.6559208634351     
   15.4935791320481        8.03281493424707        21.3309721843735     
   17.1655034758552        7.67091847526595        21.0905424116448     
   16.7798085181792        9.11206871945727        22.0970769401304     
   15.5316390029195        7.72384908895510        23.7203065759639     
   16.1161316695324        6.29490051309206        22.9847867526190     
   18.5361334964707        8.16015253813264        23.7943829698955     
   17.2683219851705        5.55219246520616        24.9319447639663     
   18.9069729674778        6.18995846443601        25.0958428875111     
   12.7534451756533        16.3731392918045        9.32866773192255     
   12.5062849168431        15.0019372234395        8.69699341522879     
   13.3505400497606        14.0354359843626        9.53213847323951     
   12.7316515307029        13.5863655593085        10.6598284408644     
   12.5699677816354        17.1474799877550        8.56996573513068     
   13.7434968245494        16.5385163371875        9.76201131270108     
   11.9655705412039        16.6628567387145        10.0257917377268     
   11.5166561644098        14.7117203582492        8.72048264053305     
   12.9369203230088        14.8873661395059        7.74634553454492     
   14.5747339210742        13.9093843931699        9.30962300653680     
   13.2097546497201        12.9996789848983        11.3198765723047     
   11.7159635150499        13.7784637815123        10.6270981183316     
   2.22515711471816        14.8254677706024        17.7440833910486     
   2.97761977199587        15.8306420511552        18.6539039482936     
   4.40196413663184        16.2598053203739        18.2502164410740     
   4.73612909197381        17.4790176263502        18.4984205814976     
   1.30276586812165        14.7360830823061        18.1970010266579     
   2.79805424822667        13.8179497388969        17.8482150910294     
   2.08299328734874        15.1420394693898        16.6597965053913     
   2.33013840766382        16.6198963485042        18.8702394529621     
   3.07678062703498        15.4191615333874        19.6687327816300     
   5.06773050192504        15.6502991795736        17.4247387837095     
   4.08976333675303        17.9943303836086        19.1128485063017     
   5.54444723495402        17.9557259877642        18.1606676675677     
   20.2604857512908        4.07349199294151        14.1193151257765     
   20.3120179743106        4.94324064036528        15.3631289642115     
   21.1400867309301        6.21808222217818        15.2641474021189     
   21.4427433844154        6.76561604123505        16.4428253811131     
   19.3344185450089        3.55101005075174        14.0258239852237     
   21.0659321211970        3.38317195542309        14.0918227740836     
   20.2941147436551        4.64151687973197        13.1732928914179     
   20.7455725432239        4.22694972736922        16.2271263435842     
   19.3147567063162        5.21134396229548        15.5855885637591     
   21.7881749358083        6.42130755644765        14.2975937130238     
   22.1228808864277        7.55124004356631        16.3359673494692     
   21.3894767091082        6.16760531766127        17.2368606237436     
   19.1621341991409        3.44413816958734        8.93859189253946     
   19.9093258548418        2.17239949488856        8.57435635473848     
   20.1215734949455        2.03744583294266        7.02700740276262     
   21.2347849142658        1.45083533425771        6.67017404886950     
   19.9860395401609        4.10881488343496        9.09161046534084     
   18.4582277524663        3.80923784035431        8.20099052709747     
   18.6219286858571        3.47517351731553        9.87398207455164     
   20.8797861114146        1.93399816808052        9.08709393600202     
   19.2345811875449        1.50092198622781        8.88149374778053     
   19.2818579616805        2.64608193110570        6.29937142437806     
   21.3964097900014        1.23688312546003        5.69646323165015     
   21.7558178686075       0.908433994117205        7.38302794394123     
   22.9310082779961        9.46730685582763        11.5794052137603     
   23.9121617507497        10.1240422114477        10.5399382097126     
   23.5310663429941        11.5808841871837        10.0958418895379     
   24.3745596193183        12.1952905203141        9.21628343034907     
   22.0249919239229        9.34292592068051        11.0642394141014     
   23.0598186665666        8.40326482526106        11.8507992474229     
   22.7048474662245        10.0963147382069        12.4740545351710     
   24.1220199115555        9.38132705455107        9.76480754747773     
   24.8708102757197        10.2283884949517        10.9826306941648     
   22.5751689849348        12.1640547574778        10.5437651298520     
   24.1801688921641        13.2011283080767        8.97854558549976     
   24.7626956655176        11.5308843301860        8.58958653450772     
   3.70404020274971        21.6237837197234        10.7604017941763     
   4.84690485877437        20.9628878121965        11.3548351605726     
   4.59064329216234        19.6936865689023        12.1110057877818     
   5.19955063759396        18.6052637208864        11.7181684809112     
   3.09343304469628        21.9472650963111        11.5283064335396     
   3.95205099320752        22.6071446974033        10.2442617832984     
   3.10009563749543        20.9782283088031        10.1370182915498     
   5.65409544757783        20.7728763097964        10.6121360202056     
   5.19773098682950        21.5713788724300        12.1198010560827     
   3.92317444015084        19.7739291369671        13.1037326556415     
   4.81588153861173        17.7430389497324        12.0953059478164     
   5.82861258070876        18.6698794272240        10.9508930740336     
   23.2028090217617        22.7834327397256        10.8090335351094     
   22.6761318902071        23.2303721640103        12.1719394125874     
   23.4387105632327        22.5430457392192        13.3024704582186     
   24.4451242629030        23.2723700747421        13.7611540025453     
   22.6555090857489        23.2422445949919        9.98290129597036     
   24.2284798083738        22.8866561480322        10.6265307962727     
   22.8506858517744        21.7464395376209        10.6396855644495     
   22.6768394182715        24.3088465632253        12.2193186300295     
   21.5894264013107        22.9796205613972        12.3126652703196     
   22.8977642177190        21.7900530430397        14.0536033655832     
   25.0744225028045        23.9032871816496        13.1632637442642     
   24.7553306909784        23.1039123059764        14.7501106291053     
   6.39075740327882        5.43357660965514        9.62385873944696     
   5.26880209040599        5.85971875957570        10.5142658771911     
   3.87577035776626        5.88915381383342        9.79528457803899     
   2.81104151079861        5.85604518509614        10.6276757615228     
   7.10729475118302        4.74567591412901        10.0812137395836     
   7.10612046483262        6.22121373250646        9.52585023727590     
   6.03322332316264        5.11248671274447        8.66933533320579     
   5.08858669262483        5.12364878914410        11.3409485928019     
   5.37025203285451        6.80851835358779        11.0623786108936     
   3.76586455721722        5.91015056851966        8.56803768043958     
   2.84538880174835        6.01454445456363        11.6069915226067     
   1.89834748137424        5.90626703080543        10.2619828838984     
   3.36542034966189        13.6091880634368        12.6936164088003     
   3.50091800161793        14.4725885246527        13.8991262137181     
   4.32846294499425        15.7629800104715        13.8320951156985     
   4.78137357037934        16.3631784804342        14.9335526156892     
   2.94664685453346        12.6254317498913        12.9663039185801     
   2.75544872274860        14.0125306165289        11.9616223223240     
   4.39679543564733        13.5344528901696        12.1773889887958     
   2.46485579420493        14.7696286868915        14.2698777983566     
   3.82920853117049        13.8540314884298        14.7187062283378     
   4.42599169787027        16.3397618028527        12.7775933058532     
   5.21583148569278        17.2892030329904        14.8387797767858     
   4.68119136937005        15.9921098788467        15.9048758262237     
   13.1143920446053       0.459637310623780        12.3772619532003     
   12.2441896783469        1.20992124926369        11.3207666402072     
   10.9572534979410        1.81163510030532        11.8219682696305     
   10.2421649942256        2.64744232452989        11.0941545100340     
   13.2386489742476        1.15437140835958        13.1731611171169     
   14.1417157081058       0.382815126390252        12.0559301068699     
   12.6953828750074      -0.490336964765100        12.6426874067833     
   12.8977482447267        1.91336651098586        10.7457352004318     
   12.0137344503435       0.538621509698245        10.5096999732033     
   10.6111826662147        1.60166015130733        13.0385540739502     
   10.4866511247116        2.89649403798807        10.1678876557430     
   9.52609738892749        3.15278725032291        11.6129381104706     
   6.27783412321584        1.89543561876070        10.4318892366272     
   6.69124567229073        1.48277161336124        11.7794409553269     
   7.28464431689265       4.086377613081126E-002   11.8879752602043     
   7.71551347271199      -0.402185410481859        13.1105793254353     
   5.68533161225775        2.86681249833545        10.4427816932298     
   7.17789030035133        2.08894000203026        9.76827779934042     
   5.62010212345921        1.15279315257869        10.0576657753345     
   5.81723325929496        1.49696174582208        12.4099509119043     
   7.33140144325580        2.12202259318952        12.1612972227647     
   7.74279111784442      -0.485645091671285        10.8810004221134     
   8.26877518834133       -1.28222971694171        13.1576494121928     
   7.67475667278278       0.204957429624608        13.9584462219745     
   17.4666196542746        5.37947840150333        12.0838471124224     
   17.1391046139190        4.98772517187419        13.5499149085957     
   15.7755771167878        5.48881140750535        14.0427898327501     
   15.5673698865210        6.79318044437410        14.1268364509219     
   16.8421738736218        4.84630545814886        11.4086529111620     
   17.4027137952044        6.39160703763999        11.9629509989706     
   18.4541492251628        5.14919481358094        11.7345112541708     
   17.2347644791571        3.84274398413409        13.7595581161084     
   17.8450554052999        5.59481246299740        14.0843321338519     
   14.8148460003613        4.75280278644517        14.0692081178437     
   16.3195987674403        7.44130316290371        13.8970154338460     
   14.6615050781982        7.18825706335133        14.3555175733063     
   16.0544767380125        17.0375656820523        19.2078276510037     
   14.6728505362000        16.9652747175363        18.4433877535238     
   14.1146291631694        18.3194612977078        17.9628982758375     
   12.9522643269090        18.3494743610891        17.4188745886955     
   16.9290895724713        17.4490063765046        18.6794294103415     
   15.9316857509588        17.6606457738414        20.0630505257124     
   16.3996952638659        16.0208918864799        19.4611524308078     
   14.7521240506005        16.2335338006299        17.5350808911220     
   13.9983241531234        16.5606541872775        19.2407745850281     
   14.5215964598582        19.3731467857186        18.5456908959482     
   12.3606846086554        19.2237644279672        17.5837771281830     
   12.5244896232172        17.6088323054853        16.8762714495715     
   8.94655315406223        19.2615342338620        17.5242251584881     
   8.31329895230203        19.6556568649990        16.1708808875884     
   6.82143477909263        19.5373608265319        16.0309805782435     
   6.30738215003621        19.1416319689066        14.8735481812477     
   8.52580244077165        19.8750306715016        18.3505137535483     
   8.93512154855036        18.1292638309355        17.5930127071899     
   10.0069208602668        19.4810908732424        17.6251540819354     
   8.50085596498834        20.6688565592636        15.7506774703033     
   8.82539930931836        19.0952064873220        15.3101185460547     
   6.13200032506097        19.5819469755090        17.0660381145697     
   6.91875668804314        19.1481254336285        14.0824799142857     
   5.27278161539004        19.2583796465278        14.6715981896114     
   16.7717389809436        5.15389990608765        17.5034243810811     
   18.1369813671659        4.68332342308261        18.1071810173894     
   19.1623034660230        5.64166942064232        18.6145557715683     
   20.4495323944873        5.35912079884434        18.5943459079851     
   16.1117036657760        5.58090478372760        18.3260769126223     
   16.9595394146069        5.98064014025599        16.8160019551439     
   16.2564056175997        4.31214414537757        17.0039455408929     
   17.8804981855494        3.97383362751061        18.8402800126060     
   18.7396386763111        4.11426463788133        17.4351771561612     
   18.8182702194858        6.80828292790304        18.8684710571078     
   20.8452960625652        4.45027659092378        18.3572428757518     
   20.9924012123772        6.04019643308160        19.1161574101315     
   14.4132303912798        6.63194619890621        9.02887630492778     
   13.9760502360229        6.58188224186341        10.4804119462866     
   12.8752086309246        5.55002951410918        10.7601180983545     
   12.3499608372499        5.62014892410387        11.9945759661368     
   15.3002827995511        7.17592124888829        8.91214942182920     
   14.7552927437533        5.64347617119644        8.67588345055856     
   13.6619370343878        7.13718196090889        8.39594301558316     
   13.6984769095960        7.57192651330507        10.7789337563173     
   14.9044118432941        6.31923654008539        11.0103223989658     
   12.3757899142544        4.90463672263409        9.85020738379873     
   11.4218835114283        5.25302172644447        12.1321844384698     
   12.8826121343656        6.02898915002744        12.7754787790667     
   17.3710865701632        11.7361136380759        18.1965346492587     
   16.7157466167570        12.8549087686683        17.3319502122197     
   15.2446204972080        12.5474166060335        17.0562769177434     
   14.2822382249672        13.4636433888029        16.9984136116173     
   18.3921677337394        12.0339407324082        18.2244269699708     
   17.2531568778364        10.7731159530961        17.6855372568730     
   16.7175924825556        11.6083124641661        19.1015682682258     
   17.2144416187590        12.8325491029533        16.3636807761282     
   16.8570200482855        13.9096802469088        17.7200521965327     
   14.9493994599799        11.4291911746277        16.6496507792441     
   14.5844537898473        14.3948428101626        17.2727484670020     
   13.3005643721741        13.2885062482728        16.9223952664765     
   20.6039338141649       0.883128324700996        15.9975023993183     
   21.9803579690886        1.06831187832311        16.6584964040237     
   21.8478124461412        1.57920819619687        18.1098297471887     
   22.8713791461290        1.24508642943991        18.9641100825473     
   19.9594123947781       0.222191434934096        16.5890290837890     
   20.5639874684360       0.430021402418810        14.9668271867580     
   20.1486764133156        1.84290874933811        16.0134144075140     
   22.5396379510822        1.83755233483440        16.0687399291376     
   22.5498833756565       0.181639580871583        16.5977278453389     
   20.9230605077885        2.31785311535335        18.4447461342358     
   23.6069808220294       0.624865891259164        18.6480129236788     
   22.9253372228560        1.81750874599797        19.8192549244132     
   2.25282766288737        2.81674307845952        14.2135420536690     
   1.30991560663835        2.99260477205498        12.9631144875854     
   1.88253973764376        2.36955018500738        11.7480039262403     
   1.45617258667701        2.66295514459585        10.5465603136739     
   1.73263347748987        2.71319657987782        15.1165612881893     
   2.92864028218196        3.67950838054565        14.3759617474186     
   2.76975391772702        1.86480477971660        14.1838347149543     
  0.965901203167603        4.08243350669380        12.7890591508167     
  0.459106107138688        2.34374502438123        13.2001597276392     
   2.34443923957905        1.25913726681525        11.9045615976238     
   1.82628775538771        2.23431892217183        9.71011964808676     
  0.663931156346993        3.37673344736676        10.5354293527334     
   23.3354941254969        9.03723131743153        22.2585622066736     
   21.9409490949573        8.41345234345546        22.2483014364532     
   21.1426630344670        8.12325324035440        21.0082011305350     
   19.8724446583109        8.34823951931677        21.0562363608146     
   23.2188691036851        10.1732766648078        22.1514893006863     
   23.7517867240729        8.78390972370300        23.2170489405454     
   24.0556613710884        8.68728010301196        21.4755691897892     
   22.0589346233035        7.45957185489017        22.7196324326306     
   21.3336618680575        9.10679998022848        22.9614400575368     
   21.6600267526035        7.74510759143287        20.0082848332443     
   19.3065095885253        8.63181851259207        21.8210958324233     
   19.4415525920558        7.99594820847316        20.2087681348740     
   23.7810907030194        11.3499177886492        15.3164217987745     
   23.3589452208779        11.5211564664624        16.8139232765795     
   23.0547693028813        10.1703538662527        17.4433743185652     
   22.6165910759348        10.1070515619064        18.6849265689451     
   22.8991566808275        11.0646386196698        14.6971628480396     
   24.5727804559123        10.7327296033472        15.1882306896101     
   24.1630828003533        12.3673195621534        15.1106274050644     
   24.2205228333078        11.9213991413280        17.3507193349739     
   22.4851659017057        12.2215414518111        16.9518927603800     
   23.1129909950724        9.11298176948850        16.8278048794622     
   22.8020330866839        10.9808788511256        19.1413235017158     
   22.3658478504349        9.17444581982845        19.1620759155845     
   5.27605830226671        2.49114894457392        17.2204909877217     
   6.36030156336191        1.50101459250181        17.6119819135100     
   7.60908291799911        1.60769902515726        16.6967572618640     
   8.70623366213850        1.94326009062382        17.2883265443273     
   4.47245602662887        2.37431947222149        17.9394295009696     
   5.57733492512057        3.47938612859937        17.2762892810794     
   4.75309064532241        2.22365041229259        16.3047276874867     
   5.91845236061463       0.459960773855557        17.6274244764778     
   6.66028248680276        1.58122957211146        18.6760634610551     
   7.52224020221923        1.38315047565408        15.4729692810247     
   8.65508958475073        2.24734624379300        18.2976088294613     
   9.50157166656385        2.19460290166779        16.6550138224682     
   3.82408333823790        22.6441459847719        15.6692812438851     
   3.36688976968715        21.2116590768346        15.7779702832260     
   2.58624971722567        20.8360051758177        16.9624462750864     
   3.08613042643556        19.8231653143805        17.6316558311303     
   3.14358977938581        23.3152194072793        15.1254624246038     
   3.95154080234964        22.9841512510583        16.6650858913982     
   4.79583121835186        22.6343524075095        15.1633962651227     
   2.73887250153522        21.1666694006736        14.8791589256234     
   4.12497866047775        20.4237256627636        15.6957338395793     
   1.67541212926789        21.5353711769085        17.3674352798402     
   4.02424061652862        19.3528002447458        17.5017675010929     
   2.81291368479374        19.7370810723971        18.6089591701399     
   3.37906022410064        6.60634985723668        16.0146585628744     
   1.96430357222898        6.43693935855079        15.4144948042539     
   1.98848985753406        6.72469733538879        13.9504984380304     
  0.845618980263127        6.71044461067795        13.2986008031393     
   3.48529695299706        7.51559053009971        16.4863510999400     
   3.56887044990918        5.82353461933606        16.7509507098607     
   4.12325359540016        6.58636879565959        15.1986348236290     
   1.66172607420510        5.30728861679924        15.3977748413131     
   1.02551672866110        6.84850186392393        15.9190077014196     
   2.96205256725426        6.54075523167917        13.1852069264142     
 -6.609460985080683E-002   6.55498463207732        13.7500718539375     
  0.794362116026706        6.76569563498613        12.3373815937823     
   13.6601135519948        8.57842477145990        17.1801815770036     
   12.4312082257609        9.05211700130105        16.3440001056708     
   12.1036623447931        8.07571256832719        15.2324263187405     
   10.7920895360356        7.93710172252359        15.0030255497083     
   13.5897747826635        7.60926202473851        17.6891642936357     
   13.8739665808924        9.23136264562995        18.0978028669285     
   14.6433922181543        8.55588828897902        16.6682441223006     
   11.5819828757389        9.23928754627275        16.9706919785996     
   12.6805194172999        10.0499295923054        15.9406590357745     
   12.9477860936236        7.65181898419279        14.4782624437607     
   10.1950489765992        8.45432623756358        15.6500874453015     
   10.4866491067454        7.23954465729954        14.4184071606392     
   12.3341689269057        9.09303692328586        21.3489259044134     
   11.3330325893827        9.57403602623680        22.4759182425612     
   11.6354776964923        8.68194828645234        23.7021597616346     
   11.7949234386611        9.33723922006960        24.8715515482749     
   13.3192921514989        9.34459717502716        21.6112719573222     
   12.0290239644475        9.64630731780326        20.5251320263679     
   12.2933302030281        7.99308427710608        21.1745724673000     
   11.5161900349620        10.6299157112898        22.7848539556049     
   10.2703424022726        9.46492571759921        22.2910730707640     
   11.5070546046496        7.45103697068384        23.6166661058255     
   11.7963424032751        10.3726539103815        24.9071352508352     
   11.9744623142857        8.73124881339602        25.7242286615618     
   14.6734515158609        23.9963483260058        22.0883698863727     
   14.5679007225165        22.4747046409230        21.6944732278137     
   13.1703082810001        22.1269418353418        21.1389698674947     
   13.0821429145369        21.0357016647862        20.4287562601240     
   14.2899002957656        24.0778814353475        23.0939103346522     
   14.0809805257128        24.7035526078762        21.5405533264914     
   15.6822380218603        24.3750107423272        22.1821115942466     
   15.3075838134815        22.4336168783504        20.9276705669382     
   14.9386727209017        21.8589421613636        22.4616408188055     
   12.1697297429996        22.7005553887009        21.5585988778553     
   12.1743904619023        20.8902306444194        20.1092059159356     
   13.8595985621877        20.5594646781559        20.0785778040811     
   6.88944203858683        6.86089770504309        13.4603347012389     
   7.32373630948385        5.54898144198242        14.1711340744564     
   8.75627259462325        5.02989295256780        13.8260427094903     
   8.78447052724039        3.68392817057935        13.8975190440834     
   5.86358118131304        7.11821497827662        13.6329470004436     
   7.16265637364512        6.79892434222180        12.3725558275278     
   7.35069568782496        7.80355203014544        13.7510342769789     
   6.58937420591893        4.82590612558850        13.8999083317103     
   7.22019371186569        5.82686683980542        15.2619082809208     
   9.66557025334906        5.80729469718611        13.4498171355321     
   9.51977778301677        3.02056458686786        13.6000857825946     
   7.88578930390134        3.23807403578732        14.1701897011799     
   7.79112367391197        11.3104748691664        14.9951717131045     
   8.50070697474806        11.2576921286365        13.6032485562358     
   9.95910681444501        11.8123014087001        13.5869617589335     
   10.4271999816940        12.0584886892528        12.3402498343493     
   6.74433349624675        10.9975035387901        15.0966349871625     
   7.85814509640856        12.3213565705233        15.3857333133731     
   8.26118329673541        10.5755612917443        15.6435284439721     
   8.61122724739507        10.1897969753463        13.3068269862835     
   7.87057676107209        11.6423761956781        12.7861233027284     
   10.5874540877075        11.8481245268443        14.6148319890321     
   10.0219852633391        12.0580400622022        11.4750310578876     
   11.4978468090417        11.9513332187083        12.2116715035352     
   16.8413408037991        14.8446025856741        12.2104227513809     
   16.1610804704668        15.8127774671002        13.1495012952246     
   17.0304795120171        16.7934527394604        13.8465641154563     
   16.7567353183255        17.0676298675825        15.1145406608181     
   16.7771218793277        15.1954539033472        11.1605791506826     
   16.4290033840605        13.8992381116302        12.4069871969713     
   17.9364202040969        14.6287234982022        12.3508422396354     
   15.2975057567248        16.3172076867275        12.6501913724279     
   15.6782376115699        15.1446405055585        13.9560159514155     
   17.9145717185892        17.3691633801798        13.2249892514976     
   16.1191707332523        16.5671599449989        15.7578927243084     
   17.4270964768711        17.7318753714344        15.4796457519031     
   10.8639963540283        21.6064886892935        14.6092493179996     
   11.0184940981532        22.8411400434901        15.6447980969233     
   11.7658984602352        22.4831029628495        16.9613906717199     
   12.3146323093592        23.5224885807849        17.5848612983104     
   10.3913523137820        20.8228394054900        15.1492659545015     
   10.4355070823486        21.7755834249703        13.6161429824942     
   11.8718857240535        21.2739538206533        14.2823761704811     
   11.7129866326605        23.5481915676629        15.0907037153368     
   10.1156670592362        23.3148408473247        15.8395628850330     
   11.8448863153387        21.3482577734759        17.4443951888253     
   12.7855553911776        23.2848930481064        18.4411550221442     
   12.1093056745629        24.4542469742932        17.3904461684601     
   15.4349323180180        13.4159864362366        20.9979228535319     
   15.7189151776164        14.2455587916479        22.2526521906244     
   14.4390969790073        14.5685125833240        23.0370899086399     
   14.5914840793663        15.2261601232480        24.2078285252570     
   15.0438222701098        14.0640603391291        20.2282522700807     
   16.3640813936602        13.0400926912212        20.6037542556316     
   14.8466182326816        12.4857176506120        21.1901415843970     
   16.1407103480041        15.2356293819254        22.0596959182319     
   16.2504467042747        13.8224532288225        23.0377609926382     
   13.4118577807812        14.0130967367959        22.6952149463963     
   15.5041973830794        15.6822405297160        24.3902597774635     
   13.7669623075815        15.4062577652742        24.7675705288239     
   5.70631560187432        8.70406801834505        21.5392227554888     
   4.23595610847878        8.28165491000910        21.2598010190887     
   4.10598580996437        7.40675511451381        20.0210242027297     
   3.43227473651301        7.86720565627208        19.0036250256257     
   6.35715542447785        7.76359391494991        21.6198718727548     
   6.01038955665506        9.53499704181849        20.8728473084300     
   5.74941512184002        9.10548412024243        22.5184333624595     
   3.52856358195980        9.12005532582374        21.1891119633280     
   3.98121165167255        7.87243003335754        22.2870139070509     
   4.74277751468646        6.32767725095432        19.9449216206022     
   3.01840173861545        8.73980921532066        19.1400295683019     
   3.21149241420359        7.32477925499504        18.2020711394925     
   21.6087333052079        17.7741380607493       0.968918547964727     
   20.3600119464010        16.8647067137536        1.11476317893444     
   20.2461568973836        15.7137946084914       0.128274224999748     
   19.1627080273719        15.5769515035486      -0.587706582149773     
   21.3928022179257        18.5850039873975        1.68017186803269     
   21.6768913330462        18.1149352507304      -2.210813251822655E-002
   22.5366660728986        17.2158163561693        1.20799663044919     
   19.4809904422644        17.4408631822140       0.976791617968770     
   20.1864499546344        16.3385856623353        2.06574634935197     
   21.2305563094372        15.0149501044740      -0.142459617683108     
   19.1202575025622        14.7622633075902       -1.24631864194412     
   18.3242634578833        16.0796229791755      -0.153912846464561     
   3.62913868679206        3.81594178987557        1.87937531474223     
   3.62766882636005        5.47261774888849        1.78453897554306     
   3.50430586884501        5.74196942483205       0.240944576707060     
   4.41869746961763        5.35946673774229      -0.654831645097944     
   2.72287308048421        3.41371363147539        1.41600020125076     
   4.48643066193892        3.35021430711260        1.40561758764928     
   3.74929186166629        3.37671294765888        2.85081631295715     
   2.88464854627819        5.76878098998164        2.53062226733884     
   4.56363962442628        5.88616263041834        2.07604934989079     
   2.45873295414064        6.22753675437345      -0.161880158139817     
   4.38189808061746        5.59134722320889       -1.65649668718791     
   5.29042779413465        5.02346064884759      -0.315428797625835     
   18.5030177469686        22.6168047207867        22.2720297118305     
   19.5209315514656        22.3574938146646        21.1031605145808     
   20.9195765892689        22.8955793672353        21.2601436342018     
   20.9912857923098        24.2268210589386        21.6157234156722     
   18.3385359903823        23.6825501631090        22.3028422270129     
   17.5416774782979        22.0576826690953        22.0691554885008     
   19.0187594855437        22.3356323696983        23.1921833456825     
   19.6374000772277        21.2631686054280        21.0913462222242     
   19.0969128307701        22.5986464961813        20.1542609082306     
   21.8348652537375        22.2777633222687        20.7330559433365     
   21.8026472952731        24.7210104261273        21.2918529859534     
   20.1135473944133        24.8351072979060        21.7851116878587     
   2.23118757753896        11.4378278879823        20.0460338475166     
   1.74994856270332        12.5252338758819        20.9770480863077     
  0.388320647826967        13.1703092337787        20.7348627012734     
 -0.212968231102691        13.7971065103413        21.7217075942073     
   1.91382969546193        11.7751343639323        19.1127148916454     
   3.34428111314518        11.2734657881421        19.9818535962923     
   1.64732301472024        10.4650686954353        20.1773747629019     
   1.69832343744186        12.0839602113972        21.9940134914110     
   2.46654668722362        13.3430250122836        21.0706562731362     
 -0.299810361838996        12.7630742053921        19.7754457944183     
  0.505328849922618        14.0239737309056        22.4035779618725     
  -1.19570874818470        14.1168164220581        21.7214212587460     
