 4
 100 2
  0.5
  0.859866684
  0.332232738
  0.5
  18.
  3.14159265
  526.688353  599464.258
  1.  1.  1.
  1.  1.  1.
  1.  1.  1.
  1.  1.  1.
  1.  1.  1.
  1.  1.  1.
  20.5235212  0.  0.
  0.  20.5235212  0.
  0.  0.  20.5235212
  129.51811  0.  0.
  0.  129.51811  0.
  0.  0.  129.51811
 100
 1
 7
 1 1 1 1 1 1 1 1 1 1 1 1 1 1 1 1 1 1 1 1 1 1 1 1 1 1 1 1 1 1 1 1 1 1 1 1 1 1 1 1
 1 1 1 1 1 1 1 1 1 1 1 1 1 1 1 1 1 1 1 1 1 1 1 1 1 1 1 1 1 1 1 1 1 1 1 1 1 1 1 1
 1 1 1 1 1 1 1 1 1 1 1 1 1 1 1 1 1 1 1 1
 1 1 1 1 1 1 1 1 1 1 1 1 1 1 1 1 1 1 1 1 1 1 1 1 1 1 1 1 1 1 1 1 1 1 1 1 1 1 1 1
 1 1 1 1 1 1 1 1 1 1 2 2 2 2 2 2 2 2 2 2 2 2 2 2 2 2 2 2 2 2 2 2 2 2 2 2 2 2 2 2
 2 2 2 2 2 2 2 2 2 2 2 2 2 2 2 2 2 2 2 2
  3.83053105  1.02283293  11.6897021
  4.7479071  0.878871445  11.4064158
  5.23709449 -0.359283821  11.96957
  5.66344974  0.00620275067  13.4099963
  4.76592353  0.889985196  14.2169583
  5.39024509  1.23721702  15.4439485
  5.21309407  0.533090977  16.0933297
  0.955919971  17.5006051  6.93935868
  1.7946726  17.1599561  6.53155764
  1.91980179  15.7563204  6.5525757
  2.01766248  15.4107101  8.05013553
  1.93258984  13.9135798  8.29115202
  0.563094552  13.4619141  8.1047718
  0.649790398  12.5416899  7.95300377
  3.71125924  7.8192201  8.12981159
  4.5081589  8.29075667  8.29409548
  5.23533608  7.44671227  9.18862219
  6.27627323  6.69119815  8.51685118
  5.73614813  5.51285009  7.63251381
  5.70870953  4.26626167  8.41856464
  6.43517299  4.28159523  9.05270922
  19.7668557  4.93296063  18.5636206
  20.487507  5.01688838  18.0033251
  20.5265881  3.85775029  17.2134523
  19.2784257  3.82513965  16.3662365
  19.0290503  2.46131013  15.8105963
  20.0332732  2.18360003  14.7707296
  19.9600227  1.27006193  14.5863178
  9.99574366  3.18904438  3.37823834
  10.8220195  2.83880558  3.664259
  11.429896  3.92017872  4.26473368
  10.9088464  4.19658197  5.67122098
  9.33988138  4.37551113  5.67293257
  8.97913075  5.31124568  6.70255707
  8.92316695  6.21404741  6.29755646
  8.70620212  16.7548026  3.50917326
  8.08294329  16.4034456  2.8915973
  7.48643377  17.4991199  2.1421657
  6.95090996  18.5496258  3.16837625
  6.19738364  19.5905699  2.37131901
  5.75061563  20.6044877  3.21206126
  4.74701254  20.6631619  3.20673726
  3.02931952  5.68831723  15.5567826
  2.28280355  5.8300158  15.0208247
  2.62922379  6.94657252  14.17286
  3.26389399  6.38754944  12.9496633
  4.53531414  5.63994935  13.3662857
  4.94140113  4.81684205  12.2374224
  5.25111587  4.02393711  12.5769697
  8.91626063  12.6441906  5.89659752
  8.83622867  11.7762575  6.3385779
  7.93356337  11.7661129  7.39737914
  6.56858016  11.8791703  6.82535463
  5.3985493  12.0926052  7.79275452
  5.50077845  11.1803768  8.8989617
  6.36845469  10.7793828  8.84102096
  13.2844612  21.5489817  6.83614253
  12.6821335  21.2518151  6.14904576
  12.3989378  19.8803009  6.35791578
  12.5267324  19.1564211  5.00923183
  11.5388948  19.6551101  4.02471193
  10.7978241  18.5764318  3.50719672
  10.8866728  17.7993608  4.02688298
  8.43871546  5.10654406  14.8417529
  7.68302915  4.90341708  14.3695313
  7.85216094  3.8400796  13.4061326
  8.82657275  4.2663511  12.3071211
  8.64628372  5.69426118  11.8562959
  7.30539933  5.95921789  11.3507986
  6.8051559  6.22132064  12.1263307
  11.3477478  15.4392438  15.832167
  11.6272811  14.5864177  16.1349667
  11.183759  14.4533056  17.4826562
  9.73377741  14.6639729  17.661226
  9.2493129  16.1627109  17.446142
  9.89153408  16.9344455  18.5835373
  9.68072711  17.8464918  18.4445928
  17.4056454  15.6954654  0.27783902
  18.0657473  16.3987096  0.0845887527
  17.9760225  17.5034329  0.956832672
  19.2116585  17.4454015  1.87323827
  19.4455121  16.0491846  2.38872318
  20.6087204  16.068327  3.27708802
  20.3117019  16.4914235  4.0838163
  7.50858186  2.74194751  3.79718279
  6.9484749  3.0523011  3.10414671
  7.09712364  4.48886146  3.06795109
  5.78647031  5.24322045  3.16351268
  5.12553423  4.86723016  4.48974639
  3.69639679  4.92693747  4.26271442
  3.3215881  5.27838805  5.09028423
  15.1297014  8.14074478  4.26677573
  14.2478406  7.94490113  4.51552172
  14.1720391  6.52872941  4.50289759
  15.5232076  5.98571427  4.82909755
  15.5735088  4.48240777  4.95482384
  16.8969192  4.14849521  5.19805987
  17.0039657  3.80441074  6.1470158
  1.66247146  18.798243  12.7114084
  0.768978969  19.1721783  12.4871305
  0.762843343  19.2208674  11.0494977
  0.982061071  17.7946132  10.5798132
  2.26688909  17.0668208  11.0609932
  1.98540058  15.7706307  11.6213857
  1.30725646  15.919486  12.3458468
  13.491335  15.5838449  6.22249237
  14.2250314  15.8772963  5.68605651
  14.4766685  17.1108721  6.32491123
  15.3933343  17.9398783  5.47432921
  15.9783001  19.0839472  6.27668357
  16.6994433  18.6051479  7.42584057
  16.002976  18.379409  8.0526563
  0.25912814  16.0321991  18.4954677
  0.160949753  16.8734639  18.9244301
  1.13475209  17.7104033  18.4480784
  0.827304778  19.0829987  19.0355522
  1.12615788  20.3048612  18.134166
  0.262981256  21.4499373  18.4677403
 -0.549811693  21.2801751  17.9829872
  13.1788802  9.44950442 -0.703237655
  12.3002939  9.56051848 -0.367898246
  12.4870248  10.3078994  0.855990273
  13.2226345  9.27736084  1.74046399
  14.7630051  9.36732158  1.705074
  15.037543  10.7986423  1.70128806
  14.4515846  11.3323779  2.19463105
  7.15113463  12.3793302  17.2631936
  6.90682461  13.258205  16.9251876
  5.72624259  13.2301044  16.0869026
  6.16185795  12.5692053  14.7075634
  7.16890073  11.4535197  14.7417768
  6.57806864  10.3152537  15.299987
  7.29062756  9.68254727  15.3873375
  7.61398373  8.93561184  17.8763238
  7.67252363  8.07579791  17.5638219
  6.56047763  7.30272175  18.0514019
  6.08031375  6.27867506  17.0702023
  5.40287444  5.01553912  17.7434401
  4.08081924  5.32203312  18.1753609
  4.21142564  6.14481532  18.6084568
  17.0258956  17.881685  16.6378163
  16.3575714  18.2401712  17.1852852
  15.1507592  17.9773524  16.4551305
  15.0360313  16.4540318  16.2313235
  14.9742553  15.6238122  17.5160592
  14.7890706  14.2548929  17.2029079
  14.3640678  14.1534017  16.3526834
  14.1793123  16.4269142  9.45221427
  14.4575265  17.0157241  10.0934893
  15.5430544  16.5236191  10.8810831
  16.6526097  15.8824079  10.1460522
  16.0719716  14.6078707  9.49326774
  16.779546  14.2682219  8.26982743
  16.1489997  14.2852434  7.53295398
  19.4383106  12.1935497  1.77421991
  18.6138931  12.1525715  2.32739428
  17.6456829  12.807245  1.46040745
  17.6242245  12.1177461  0.127617591
  16.7908922  12.8900389 -0.85625377
  17.0218647  12.4774574 -2.18108983
  16.8003383  11.5417224 -2.33051286
  18.4179769  3.5884419  20.1108124
  18.0455188  2.9211259  19.5547047
  16.6535378  3.19916378  19.4010376
  15.8768343  2.10875891  18.7101154
  14.3780077  2.21164618  18.4814024
  13.921265  0.892597499  18.0484157
  13.0287908  0.969163705  17.7202924
  20.7963097  11.3497656  17.4041629
  21.1045814  11.3844586  16.4941569
  21.1237539  10.0475842  16.0310197
  19.8493841  9.65946628  15.3328199
  19.6617075  8.17800373  14.9145796
  19.5025639  7.96144892  13.5370159
  19.3084065  6.96760898  13.4718342
  3.00491304  5.90217239  8.57081937
  2.28208508  5.90709509  7.98671537
  1.06174068  5.79147691  8.64309471
  0.815460233  7.02191149  9.48025821
 -0.696005617  6.97596887  9.6384559
 -1.133976  7.92284917  10.6104326
 -0.668777794  8.73046558  10.4976955
  9.45799534  0.206975359  3.16227241
  9.13302625  0.763464162  2.45606576
  9.08561594  0.000850515438  1.22721106
  9.23497281  0.985747411  0.0655891052
  7.96524775  1.91098538 -0.114182688
  6.82244511  1.1903399  0.293197241
  6.93088663  0.902204317  1.20647276
  4.21941005  17.3187862  8.25549638
  4.52535199  17.0250108  9.10953668
  5.02394847  15.7528239  9.17081894
  6.00240932  15.4568846  7.97935628
  5.23909544  15.5033313  6.67758937
  6.15492132  15.0920913  5.66393418
  6.72422742  14.334212  5.92847441
  17.3571903  15.3471077  16.0039934
  17.4953294  14.7736137  15.2148451
  18.8333787  15.0860929  14.741153
  19.3716821  16.3829049  15.4594975
  18.8687189  17.7157365  14.8628514
  19.2252803  18.7880311  15.709703
  20.1836994  18.7357244  15.8722704
  1.86144929  12.1284167  10.9027087
  2.07340254  11.4448063  11.6036412
  1.12792336  11.4472741  12.6206369
 -0.243338583  10.8514982  12.1099227
 -0.714319484  11.6018306  10.7920107
 -1.97081634  11.1169312  10.2306216
 -2.50327257  11.890409  10.06503
  18.8222973  13.4514775  4.96287886
  18.2864746  14.0359468  4.4516706
  16.9685225  14.1031321  5.07798921
  16.0056137  13.7594264  3.98212098
  16.085315  14.8074514  2.8653569
  15.1471519  14.5619978  1.84599287
  14.6617487  15.3387789  1.64242257
  10.3669432  18.2862692  9.69276428
  10.2299442  17.365002  10.0348149
  8.89191639  17.0381257  10.2617884
  8.92038652  15.8080123  11.0513187
  8.79977259  16.0742872  12.6078213
  10.0938016  15.8636869  13.1619976
  10.5416135  15.2208863  12.6269841
  17.0943022  7.30735895  6.91609774
  16.822303  6.91747211  7.72224487
  16.0047745  7.80548039  8.4907484
  15.161548  7.01702389  9.50992123
  14.2384375  5.92279571  8.93644387
  13.4007048  6.35607845  7.87147842
  13.8349772  6.04202328  7.021527
  21.799599  13.2466855  21.6707125
  21.8922688  12.4313847  21.1384117
  21.6645961  12.6787493  19.7439566
  20.5708232  13.7496288  19.7757137
  19.7774677  13.7416044  18.4886531
  18.7716918  14.7248371  18.490526
  17.9232365  14.3523027  18.162334
  3.48152604  18.9356574  18.5116362
  3.99062825  18.2583563  18.9460284
  5.15701424  17.9671046  18.1758013
  6.0348865  19.2669852  17.9861348
  7.31980736  18.9809468  17.1635992
  8.04118675  20.1638119  16.9007554
  9.01360169  20.0015515  16.9177595
  15.094337  19.638686  2.51170399
  14.3419751  19.3625435  1.97319737
  14.6075974  18.090052  1.40703796
  13.6769174  17.7677215  0.253373837
  12.2315454  17.8615742  0.651180803
  12.0419108  16.991531  1.78216324
  11.1554481  17.2083008  2.188349
  16.4894698  0.629631212  3.05680726
  16.4743465  1.64253667  3.11939576
  16.1123277  2.34314119  1.89919229
  14.8092687  1.80179982  1.31433299
  13.5898619  2.14742665  2.23608497
  12.5957474  1.27103422  1.67689607
  12.0608601  1.74319968  1.02751844
  8.07625295  1.71376761  11.6113658
  8.58467803  0.94781957  11.546328
  9.42796639  0.790625092  12.7469453
  9.60668327 -0.594793836  13.2949753
  10.9208637 -0.693244826  14.0317369
  10.8685212  0.0238087614  15.2378017
  9.95985987  0.177967022  15.4821639
  15.4581474  3.72919462  8.20119037
  15.5308708  2.86757781  7.82101383
  14.675873  1.86862018  8.49798065
  15.5399308  0.793899932  9.14387358
  14.8191895 -0.323517766  9.85069961
  15.7349031 -1.01655112  10.7068681
  16.0488954 -0.474451163  11.4723092
  7.32034198  10.5257801  2.48688282
  7.44882699  11.1801193  1.77084011
  8.27255435  10.6503977  0.726048227
  9.49626969  9.90995944  1.25307888
  9.2256757  8.8281585  2.24835663
  9.02650155  7.55192079  1.66551906
  8.51264161  7.71603052  0.858517989
  4.36007247  0.0455437972  6.71184051
  4.72603561  0.678172536  7.39848243
  5.28374675  1.79776335  6.60741726
  6.74852796  1.94886041  6.95944653
  7.13506613  1.605567  8.36518764
  8.52254539  1.37817464  8.41143315
  8.78348186  0.718133513  9.13346831
  16.0367136  11.3025272  6.56074301
  15.8667005  10.3486635  6.60962548
  16.5518561  9.47783076  5.75923692
  17.6603453  10.2687857  5.00563207
  17.9910414  9.59258627  3.72038082
  18.3405778  8.20214665  3.88838684
  17.6999093  7.66079204  3.3644099
  14.5219957  4.20874993  12.3806541
  14.3723076  4.20891454  11.4124866
  13.7236002  3.08304541  11.0841176
  12.1788739  3.3560003  11.1431991
  11.1869594  2.22890942  10.8102521
  11.7295195  1.38645633  9.81943819
  11.8598532  1.90327351  9.05534857
  10.1727984  15.6528265  6.38435378
  10.6982443  14.970812  5.97527672
  10.0236377  14.5721933  4.74742864
  10.8090629  13.4374511  4.13207951
  12.1771343  13.8215267  3.57710073
  12.9652401  12.6665391  3.63819381
  12.479306  11.8792104  3.53742907
  11.4381708  1.96906475  18.1151568
  10.9032383  2.7827459  17.9467887
  10.0384303  2.41883955  16.9034145
  10.2739513  3.24760759  15.6524355
  11.740338  3.42501244  15.1636399
  11.9750476  4.53117342  14.2964949
  11.3145201  4.63313551  13.5697626
  3.50153832  19.1590897  16.3009257
  2.98820737  18.5037958  15.8726278
  3.21198989  18.4263869  14.4752609
  3.45138483  16.955065  14.2532905
  2.34947827  15.9935887  14.8237521
  2.64163959  14.6301378  14.4963651
  2.44265016  14.1508099  15.2731416
  11.196721  10.4754921  9.5052769
  10.2924731  10.647234  9.36974514
  9.71649564  9.92003451  10.4615243
  8.19713525  9.89975527  10.1742158
  7.38578692  8.98250389  11.0079953
  7.62679873  9.20006481  12.4089909
  7.4107561  10.0861061  12.7306871
  17.6007958  2.652469  11.2840378
  18.4517322  2.97484434  11.5483311
  19.3683568  2.30647263  10.6954111
  20.6779474  1.93051189  11.4517157
  21.2689315  3.02947698  12.2313722
  21.2862807  4.29083066  11.6386202
  20.3924537  4.62679299  11.6099457
  16.178032  1.14770375  13.8669121
  15.8780578  1.82033012  14.4226732
  16.5271592  3.01276824  13.9369925
  16.0249363  4.18010671  14.7700232
  16.7301751  5.52482372  14.3349412
  16.4067978  5.78194815  12.9769711
  15.4382964  5.88800655  12.8186697
  9.8366386  20.1278177  7.69476785
  9.80351533  19.1710665  7.62017567
  9.11954689  18.6339336  6.46925676
  7.71502203  19.1081321  6.48383648
  6.69543129  18.5280855  7.44563941
  7.07362328  18.9254996  8.72476469
  6.89890715  18.2429359  9.34766714
  38.2437954  44.8994055  67.9392687
  37.8776334  44.1055972  68.2980798
  39.0890173  43.3486181  68.5594384
  39.6983106  42.8557037  67.2298226
  38.6560517  42.1362651  66.3599422
  38.3378246  40.9979546  67.0361307
  37.8738934  40.3516194  66.4968063
  62.851114  109.59217  106.850412
  62.1565399  109.463968  107.513674
  61.2111813  110.481919  107.431175
  59.7902367  109.819397  107.330257
  59.3666903  109.033026  106.105567
  58.2131577  108.312023  106.435191
  57.4121222  108.783262  106.181628
  86.5098083  73.4576301  52.4935438
  87.0267201  72.619676  52.5066344
  88.1837438  72.7357492  53.2867181
  87.9754492  73.0358931  54.7711555
  87.1980693  71.9487303  55.3978929
  87.9580145  70.7319483  55.2336273
  87.4081324  70.137251  54.71386
  61.9710707  54.8365075  40.4050999
  62.0242514  54.9002312  41.3425076
  62.2350219  56.2931348  41.6759609
  61.082013  57.1698323  41.2857874
  61.3978148  58.6766485  41.1289049
  62.2838377  59.0273377  40.0633482
  61.7106023  59.3398893  39.3829238
  118.589766  82.0823077  108.217888
  118.833555  83.0001128  108.063699
  120.126212  83.1691789  108.564382
  120.043639  82.8457523  110.038122
  119.477547  84.0665603  110.780836
  120.334107  85.1735299  110.710034
  121.197043  84.8850149  111.041596
  66.7557987  63.1333006  62.2453746
  65.9377607  62.6461402  62.0320009
  66.1590041  61.5331823  61.2184006
  67.5910859  61.6120001  60.5913309
  68.7630797  61.6296564  61.5611632
  69.8809827  61.0104034  60.9633966
  70.4339997  60.6005145  61.5708426
  119.694921  21.052072  24.8671669
  119.875899  21.8497924  24.3613111
  118.746976  22.5837706  23.9127507
  118.966653  24.0869328  24.0634058
  119.153158  24.5100262  25.5059268
  117.857175  24.4915811  26.1289147
  117.696492  23.5274849  26.3137931
  44.0270207  18.0109301  121.801232
  44.959363  17.8202355  121.539156
  45.0605149  16.4195904  121.277672
  44.9468739  16.3266997  119.817958
  46.1211954  16.996156  119.200001
  45.9500471  16.9033211  117.789476
  45.6003013  16.0478402  117.522245
  67.064884  12.1749833  77.4215611
  67.8795711  12.3092167  76.9451902
  68.487522  13.3602547  77.6718818
  69.8427389  13.0497276  78.1059834
  70.6370305  14.3828906  78.2786775
  71.6418669  14.3986437  77.3048259
  72.0679078  13.5430054  77.3183572
  116.113905  42.5486741  102.342046
  115.467039  42.1109412  102.953596
  114.966908  40.8643451  102.425063
  113.56812  40.6711885  102.872466
  112.474275  41.5664725  102.246675
  112.638705  41.4561621  100.855804
  113.289685  42.0136988  100.443009
  66.3933311  45.9890928  89.9649921
  66.9291764  46.7607619  90.1696244
  66.6386746  47.7502093  89.1669085
  65.9959173  48.9460358  89.9514708
  65.7631899  50.1253474  89.0108777
  67.009721  50.7146888  88.706175
  67.0522499  51.3803907  89.3838404
  44.6995898  123.14655  95.7457552
  44.9542867  123.988931  95.354192
  45.9356209  123.792993  94.3271835
  45.293665  123.104451  93.0823016
  44.6973936  121.717928  93.2322563
  45.700682  120.731266  93.6717724
  46.2648148  120.539836  92.9177162
  53.9558471  108.657352  57.1011575
  54.065205  108.624409  58.056924
  55.1560416  109.483335  58.4933794
  55.5613513  108.932999  59.8250655
  54.4289642  108.908327  60.8618228
  53.3136507  108.110209  60.5338344
  53.576434  107.235717  60.8227826
  128.247499  119.378384  62.6176268
  129.178967  119.427103  62.4629141
  129.504927  120.513448  61.5866299
  128.761395  121.754041  62.152173
  127.315446  121.547254  62.3799225
  126.759082  122.748153  62.8549341
  126.343243  122.668448  63.7309202
  23.476262  66.805455  77.1292107
  23.0542578  67.2786822  77.8581218
  24.2120348  67.8849226  78.4438913
  24.9387785  68.6992391  77.4463869
  24.0548562  69.7982351  76.8908424
  24.6754559  70.5778695  75.8648729
  25.0122943  70.0465319  75.2029492
  71.0120597  75.9898285  30.0374862
  70.7480703  75.7959545  30.9390094
  70.874788  76.8747344  31.8206777
  69.575183  77.2126598  32.4420892
  69.3099219  76.182571  33.5960419
  70.0528847  76.4824515  34.7253565
  70.9518917  76.1530617  34.7113667
  120.393006  19.5701021  17.2968336
  120.647217  18.6401323  17.4455512
  121.445231  18.6496673  18.6988834
  122.925203  18.6833101  18.3032636
  123.816504  19.3253713  19.3612804
  124.978769  19.8293892  18.7508178
  125.296891  20.529907  19.2890923
  35.0345052  62.5924212  39.402288
  35.7454469  63.1745775  39.2755115
  36.9086396  62.3975203  38.9525335
  37.1179961  61.5056983  40.1689782
  37.9923419  60.2416876  40.0406216
  39.2558208  60.5508304  40.6694555
  39.8429138  59.7501082  40.6803456
  111.07422  119.902968  28.5207255
  111.197829  119.717485  27.5916803
  109.915476  119.724713  26.9686993
  109.488182  118.222556  26.8236939
  108.050253  118.0775  27.1043744
  107.695982  116.672089  27.0295663
  106.829833  116.436968  27.2987665
  51.0824973  9.78314729  3.28032553
  50.3114755  9.22137866  3.07158051
  49.258469  9.95361127  2.48513533
  48.2957805  9.05663236  1.69228842
  47.2829004  9.88038945  0.898968379
  46.2816288  9.04978254  0.335064365
  45.752423  9.59061447 -0.24898061
  4.50608001  50.402724  32.0512694
  5.31131435  50.7979459  32.3223509
  5.28098839  50.6559389  33.7301353
  6.29070838  49.5807245  34.1634916
  6.20891531  49.0754454  35.6199183
  7.27476672  48.0817148  35.8391308
  7.47717572  48.0737418  36.8087548
  8.86817725  72.1032727  129.854422
  8.47676474  71.4753245  129.236372
  8.02607279  72.1519974  128.094651
  6.55523868  72.063474  128.034015
  6.11127557  70.6380488  127.675155
  6.45190515  70.2353397  126.311677
  6.5318335  69.2698302  126.320811
  125.176777  108.647096  75.8958762
  124.996875  109.563873  76.0224653
  126.223586  110.186416  76.5148584
  127.240537  110.12559  75.4104609
  128.563704  110.824574  75.5777711
  129.160362  111.057016  74.3111759
  129.840127  111.647727  74.4374547
  40.787382  75.5527585  68.0720981
  41.6184277  75.9896323  68.398781
  42.2856348  74.9458078  69.0831518
  42.6271386  73.8437269  68.109683
  42.9030984  72.5863781  68.8337693
  41.8007013  71.7106491  68.837779
  41.7438306  71.1844045  68.0427962
  81.2394605  38.649959  75.5103982
  80.3278176  38.366202  75.4659468
  80.0324626  38.3470101  74.1078333
  81.2145366  37.826333  73.3358516
  82.5497987  38.6255984  73.4165058
  82.4855421  39.9473249  72.9258897
  82.5852833  39.8155923  71.9764129
  2.10948039  96.5807648  61.7361294
  1.76812995  97.2509081  62.3166245
  1.64455272  98.4714753  61.6239681
  2.77393297  99.4332673  61.9219435
  4.10784623  98.8647044  61.5008741
  5.20333513  99.8020108  61.7534178
  5.00278753  100.679372  61.4607228
  75.1102035  110.80151  121.715891
  74.9014551  109.953606  122.120191
  74.4240347  110.096683  123.478058
  73.0712882  110.85203  123.252369
  72.5259937  111.524633  124.474783
  71.6292952  110.550058  125.137333
  72.0770638  109.747372  125.452697
  119.019071  97.7186364  34.729403
  118.198457  97.3858878  35.1165013
  117.094017  98.0651517  34.5886525
  117.457246  98.6749666  33.2211
  117.771087  97.6852823  32.1549274
  119.100997  97.0501037  32.2560718
  119.669728  97.4758486  31.5800648
  57.0059338  8.88670959  128.243366
  57.7791828  9.31948875  127.823244
  58.8280827  8.8907667  128.743828
  59.9654352  8.18857592  127.952036
  59.9048036  8.28501265  126.492174
  61.0365039  7.75356618  125.834328
  60.9831671  8.06274073  124.955753
  129.192132  104.719699  36.7701313
  129.203006  105.056111  35.8672175
  129.307866  104.007826  34.8902267
  128.113846  103.012595  34.9939424
  126.823088  103.845574  34.8264193
  125.755115  102.950066  34.4270937
  125.923943  102.621529  33.5190678
  28.2906824  48.8732478  3.37844429
  27.5003438  48.5340823  2.95421162
  26.3448108  49.2288242  3.36990618
  25.9834789  48.8464762  4.8201726
  27.1557174  48.6798328  5.80090214
  27.8648014  49.862922  5.81475291
  28.5117115  49.765584  6.50364576
  29.9307328  4.4693631  50.7079669
  29.8395431  3.79761831  51.4614195
  30.4089498  2.55729902  51.1195975
  29.5769539  1.98620855  49.9805896
  28.121012  1.75109871  50.3371552
  27.4512065  2.92926562  49.9163547
  27.2115528  2.76635298  48.9851127
  59.854854  116.500283  43.3193605
  59.4501226  117.283678  43.7124491
  58.300801  117.675212  42.914512
  58.3272548  117.060727  41.4903183
  57.4378288  117.905532  40.6292291
  57.1638976  117.228227  39.3660228
  56.6310928  116.49266  39.6011965
  78.7484858  23.6363573  110.113515
  79.4463161  23.5729525  109.478276
  79.1476444  24.5442228  108.50362
  79.7595451  24.2441342  107.123
  79.2217128  25.0377281  105.991447
  78.0960343  24.2607738  105.646502
  77.5336092  24.0948447  106.373671
  72.2695524  2.0468913  105.899966
  72.2488811  1.48738924  106.702839
  73.5660974  1.5158284  107.215663
  73.6566669  0.123862555  107.7834
  73.5719155 -0.881498943  106.711063
  74.4202726 -0.659706438  105.547077
  74.5936798  0.301048554  105.490488
  74.4967307  55.3444963  12.0615574
  75.0102426  54.923996  12.7821767
  76.121154  55.8318922  13.0762956
  76.9128521  56.141939  11.8907365
  76.2452432  56.8794827  10.7917161
  76.8569452  56.6706599  9.54439211
  76.3072116  56.1739076  8.97602603
  16.2753474  33.7988916  17.9526679
  16.6238209  33.064962  17.408419
  16.5436355  31.9306334  18.2168636
  17.1826615  30.6398792  17.5836608
  18.6659179  30.8111979  17.2724505
  19.2952813  29.5796917  17.1848573
  19.0855363  29.1538136  16.3307105
  44.7119605  46.6611697  105.659637
  44.3474681  45.74907  105.413036
  44.7916808  45.4395744  104.055837
  46.2921475  45.011118  104.057734
  46.5035525  43.6023276  104.57091
  47.8485217  43.3739494  104.739837
  48.0962386  42.7421741  104.054198
  2.48192536  16.119996  99.217846
  3.07132093  15.6818476  98.5372417
  4.45694425  15.9696084  98.8046049
  4.69291724  15.3306944  100.208284
  5.91855471  15.9745949  100.827018
  5.50398757  17.2179945  101.429999
  6.3132863  17.6509826  101.445636
  83.1719952  86.7067999  69.6628001
  83.3402848  87.3273607  68.9604619
  83.8335341  88.5438162  69.5201496
  82.68358  89.5043094  69.8706449
  83.0670251  90.9258514  70.0021761
  83.9875796  91.1452599  71.0103924
  84.7046885  91.6566065  70.7250886
  40.7612758  47.7825384  93.5092168
  40.6788911  48.5364997  94.125247
  39.93458  48.0544002  95.2168747
  39.1484842  49.1552695  95.8978205
  39.9656672  49.7918958  96.9856911
  39.1223651  50.7321033  97.6551913
  38.9939972  50.4900854  98.5600221
  13.5299941  104.689574  29.9726231
  14.1308898  105.16662  29.4191689
  15.4668744  104.766108  29.6798699
  15.5266877  104.443028  31.1974795
  16.1668348  103.031829  31.5426966
  15.4341175  101.888715  31.0531358
  14.5395406  101.998888  31.0918661
  126.098194  77.6503345  17.1487319
  126.519494  77.2033402  16.4091524
  125.532277  76.9441457  15.4170412
  125.311989  75.4552437  15.0041447
  124.337172  75.4162362  13.7762796
  124.76813  76.0881025  12.5628465
  124.454511  75.6418342  11.7881523
  104.867992  56.2070954  61.2090938
  104.255742  56.6746183  61.6669311
  104.276842  58.0455106  61.1575185
  103.329647  59.0345683  62.0255842
  103.382379  60.4728532  61.4263557
  104.786984  60.8242473  61.3040101
  104.978776  60.9284241  60.4285731
  37.8006024  28.1907575  11.3709122
  37.86212  27.8990258  12.2946204
  38.4719491  26.6077752  12.4003264
  39.1532689  26.5263962  13.7432598
  39.8368085  25.2830156  13.9609975
  38.9058768  24.2499767  14.3384402
  38.3324176  24.5578021  15.1006889
  11.111854  107.527178  65.1357108
  10.8684318  108.27658  64.6136345
  10.2258592  107.743307  63.4292376
  9.85308916  108.846219  62.44226
  9.64099373  108.303377  61.0700039
  8.27972865  108.105248  60.867051
  7.8537695  108.583227  61.5402282
  119.477851  85.3156915  41.5806577
  120.122045  85.1742806  40.8889233
  121.435981  85.0636557  41.4927046
  121.380248  84.2045238  42.774961
  122.730863  83.876655  43.2611438
  122.832043  84.1203134  44.6878657
  123.17842  84.9690956  44.811501
  78.8245903  8.31005655  0.046197984
  78.435744  9.22007981  0.0730518965
  77.1646458  8.96245999  0.606602582
  76.2982376  10.0550947  0.0594338307
  74.8290551  10.0647731  0.379631807
  74.126236  10.834648 -0.551949657
  73.5909026  10.1918535 -1.04408793
  6.46779157  48.2235698  47.332301
  6.98821594  47.8351366  47.9929923
  8.39358162  47.7668061  47.6112052
  8.97490558  49.1780173  47.5755315
  8.83270049  49.9361027  48.9269166
  7.48092198  50.4672543  49.1497086
  7.17634439  50.2115213  50.0641066
  24.9782226  95.614797  83.0104233
  24.0740555  95.5240258  82.9551506
  23.7513026  95.8027339  81.630614
  22.3213868  96.4848837  81.6387538
  22.2374541  97.9149343  82.1666453
  23.323427  98.7025985  81.6618229
  24.0091647  98.7175663  82.3930043
