           3
        3000           1
  0.500000000000000       0.500000000000000       0.500000000000000     
  0.500000000000000       0.500000000000000       0.500000000000000     
  5.000000000000000E-002  5.000000000000000E-002  5.000000000000000E-002
   1000.00000000000     
   1.00000000000000        1.00000000000000        1.00000000000000     
   1.00000000000000        1.00000000000000        1.00000000000000     
   1.00000000000000        1.00000000000000        1.00000000000000     
   15.0000000000000       0.000000000000000E+000  0.000000000000000E+000
  0.000000000000000E+000   15.0000000000000       0.000000000000000E+000
  0.000000000000000E+000  0.000000000000000E+000   15.0000000000000     
           1
           1
          10
           1
           1
   8.25996370280777        8.28907131557487        7.43346172040428     
   7.54414743516849        8.18609151622540        6.74280823861409     
   7.13571224277025        8.19161873429008        7.65557882505466     
   6.28685838916571        7.81113238198929        8.02256284505220     
   5.85772255344302        7.66588446898475        7.13107786017224     
   6.22963757790652        6.73815018286548        7.16251524137802     
   5.26042131050640        6.50275900429897        7.09032923123722     
   5.42018699098618        7.04750666486725        6.26708873560655     
   5.83966930712127        6.70264925115146        5.42738167320015     
   5.17633738343362        6.14896176060506        5.93079097171306     
