 4
 10000 1
  0.0907028187
  0.5
  0.05
  0.1
  1.  1.  1.
  1.  1.  1.
  1.  1.  1.
  30.  0.  0.
  0.  30.  0.
  0.  0.  30.
 1
 1
 12
 1
 1
  15.0417607  14.8062324  14.9338667
  15.6551209  13.8237178  14.1154343
  15.9423408  12.5869815  14.6805734
  15.6911297  12.3071315  16.0541612
  15.0341758  13.3319333  16.8195758
  14.6289857  14.5336198  16.2212427
  14.8748723  15.7919436  14.6362829
  15.7936564  14.0982279  13.1083267
  16.3806889  11.8888893  14.0844633
  15.8787899  11.3162582  16.4430159
  14.8348968  13.2800885  17.8843972
  14.2134566  15.358096  16.8104959
