           1
       10000           1
  0.594712809846855       0.582035218510189       0.585422038812241     
  0.594604186844760       0.582538362966102       0.580949879698328     
  0.362834410750589       0.366557929290482       0.364527563595283     
   601.231820791718     
   32.2122916896822        32.2122916896822        32.2122916896822     
         180
           1
           5
           1           1           1           1           1           1
           1           1           1           1           1           1
           1           1           1           1           1           1
           1           1           1           1           1           1
           1           1           1           1           1           1
           1           1           1           1           1           1
           1           1           1           1           1           1
           1           1           1           1           1           1
           1           1           1           1           1           1
           1           1           1           1           1           1
           1           1           1           1           1           1
           1           1           1           1           1           1
           1           1           1           1           1           1
           1           1           1           1           1           1
           1           1           1           1           1           1
           1           1           1           1           1           1
           1           1           1           1           1           1
           1           1           1           1           1           1
           1           1           1           1           1           1
           1           1           1           1           1           1
           1           1           1           1           1           1
           1           1           1           1           1           1
           1           1           1           1           1           1
           1           1           1           1           1           1
           1           1           1           1           1           1
           1           1           1           1           1           1
           1           1           1           1           1           1
           1           1           1           1           1           1
           1           1           1           1           1           1
           1           1           1           1           1           1
           1           1           1           1           1           1
           1           1           1           1           1           1
           1           1           1           1           1           1
           1           1           1           1           1           1
           1           1           1           1           1           1
           1           1           1           1           1           1
           1           1           1           1           1           1
           1           1           1           1           1           1
           1           1           1           1           1           1
           1           1           1           1           1           1
           1           1           1           1           1           1
           1           1           1           1           1           1
           1           1           1           1           1           1
           1           1           1           1           1           1
           1           1           1           1           1           1
           1           1           1           1           1           1
           1           1           1           1           1           1
           1           1           1           1           1           1
           1           1           1           1           1           1
           1           1           1           1           1           1
           1           1           1           1           1           1
           1           1           1           1           1           1
           1           1           1           1           1           1
           1           1           1           1           1           1
           1           1           1           1           1           1
           1           1           1           1           1           1
           1           1           1           1           1           1
           1           1           1           1           1           1
           1           1           1           1           1           1
           1           1           1           1           1           1
   5.85071133514946        5.89647710014243        22.7674708290321     
   4.64403388742034        6.77066167656933        23.1464920540178     
   3.81398478065768        7.00416913823210        21.9412690480263     
   2.18537311098923        7.80992634977860        22.2898233885652     
   1.66503641037076        8.08062850233894        20.6006125689785     
   29.8915515211806        19.2467987083552      -0.360641877664764     
   29.2670876855769        20.2122398909204       0.707648206714572     
   28.2588524516883        19.5466996680685        1.64803853211510     
   26.8404754971887        18.7791494918079       0.794853007685881     
   26.0663850837114        17.8255528129875        2.05540697877067     
   28.0517177836050        6.72972949118365        5.34784580931183     
   29.5440202191916        6.63894272651696        5.63006302382159     
   30.3171492244495        6.13585524865628        4.40803594767789     
   29.7288745458143        4.48494894276217        3.76341628230879     
   31.1587326910500        4.21066564880755        2.78424787974462     
   22.6891049323863        21.4031968968370        21.7173546540140     
   24.0795307778459        20.9114729834590        22.0550374155390     
   25.0958919828979        22.0564200477864        21.8760494306657     
   26.8713080344504        21.7278252442299        22.1986865660196     
   27.4975396270144        23.2483847485771        21.4686699238448     
   18.6683010546720        24.9821112779417        12.6043261790777     
   17.9736717236767        23.6115733105851        12.8540517398508     
   18.3591680837022        22.7080082622584        11.7144381055857     
   17.7699936677705        20.9047220348348        11.7500869747431     
   17.8005903012763        20.5933561264542        10.0187041394610     
   13.0589857500537        4.08349883667966        17.3901051821600     
   13.0998304995485        2.58212321037978        17.0378961782177     
   11.7198823740695        1.97896798818918        17.2746898100570     
   11.9114271709837       0.177906156517091        17.3551942905712     
   10.3808740296713      -0.220746295517199        16.5542640964724     
   3.21943486263206        14.8742035890253        26.0546293064621     
   4.38718763385767        15.1696397659359        27.0123898048202     
   5.76741346464563        15.4177018277160        26.4117355483895     
   6.46309181477322        13.8359102675482        25.8118337359645     
   8.13833197999853        14.3912473278386        25.5462253934076     
   14.0859786549035        10.7517069411878        32.6615566937192     
   13.0870060332660        11.3452649550112        31.7568175584815     
   12.3615632801255        10.4514399982582        30.7508112516018     
   13.5080892269772        9.62698184547490        29.6191747961401     
   13.2427154712119        10.4528240555426        28.1035818120892     
   22.4341346331410        29.7429159673130        30.8392875104394     
   23.0550468466223        30.6177031024333        29.7494460958517     
   22.0603967400998        31.4083985098648        28.8629834784954     
   21.5984008846977        33.0517743459198        29.5917668207744     
   23.1186274450293        33.7688208286945        29.0758520463424     
   4.10892259919149        25.3465402047632        22.6587070527390     
   4.54610059938066        23.9116830300794        22.1763486448402     
   5.32698668080486        23.0813106225176        23.2141060239168     
   7.14970353782647        23.4827637542146        23.4223593589236     
   7.60161006325536        22.5637779006906        24.8566890981352     
   24.1627107425853        9.34380201676245        16.3798547151529     
   23.6827275399318        10.3847530638118        17.4000452654398     
   22.7420597755369        11.3651331745575        16.7479922809586     
   21.8483349910169        12.4187195007024        17.9390671605851     
   20.1930060071330        12.0229839044296        17.4937393980121     
   30.5942302677546        23.7301493166790        28.7186767199004     
   31.8598702003891        24.3764892106627        29.2442603163622     
   31.5268290780315        25.6420999146253        30.0234184060458     
   30.5614955981303        25.5387604269920        31.5120022534546     
   30.6991452074251        27.0845476614569        32.2501900177219     
   18.4583938386898        26.5230077343156        8.62506694472278     
   17.4162340964828        27.6334917553413        8.91546025213391     
   16.0024814463990        27.2651721163122        9.43014791875154     
   14.7528529296432        28.5886740028704        9.55337826412839     
   15.0286668476983        29.1096518672242        11.2203905603375     
   4.15383149320041        5.01881329096889        8.68494662681982     
   4.04121114867588        6.06955864590241        7.56406992399698     
   4.32654512871281        7.47040581188338        8.03804966539000     
   2.85603345598445        8.40021370592017        8.63451339297070     
   3.67943772219101        9.65240428892693        9.53926616656503     
   14.7736986532051        5.87145297648889      -0.558490759397428     
   13.5112796817894        5.82779190267089       0.273730022753278     
   12.3751653375819        6.67519951314920      -0.336009246591101     
   10.8395348927281        6.51632744406827       0.673110771786830     
   9.94800315521038        7.96201123880273       6.700861140185464E-002
   6.17503294036309        31.6857401362170        17.1148198523885     
   5.20440427971057        30.6259761857941        17.8169188792649     
   3.75249787082802        30.6995355606444        17.3184707541593     
   3.08879495899202        32.4186611230028        17.2795398948322     
   1.62760359019608        31.9310435143894        16.3469098180976     
   16.8863813855290        29.8625523658010        22.1668882450374     
   17.9626884899403        28.9016248288861        21.6720405826137     
   18.6716731430128        29.3326724711874        20.3733190173136     
   19.4978541064540        27.8577159470452        19.6622272212454     
   19.8847578400785        28.5882346498970        18.1001230849659     
   13.1475267691669        5.02895508992244        13.4365216636281     
   14.1294986993889        5.06090596573904        12.2858506016951     
   14.7534718268431        3.69414903528585        12.1270340324071     
   15.7014066511110        3.44534128057575        10.6841033351128     
   14.6289182926585        3.76623388564262        9.31646319797391     
   19.5718916713831        7.82812754582667        6.91308049199991     
   20.8507375878291        8.01144407358502        7.75593672512644     
   20.8583617101536        7.11235238673953        8.94696229320372     
   22.2840172878269        7.39934507382697        10.1316469467951     
   22.3092776061846        5.82242977267421        11.0247452023928     
   28.0069236251643        6.99359405618853        18.6126137828717     
   27.6989132710643        8.49166705225744        18.4886116502819     
   27.8405597168821        9.19714791546893        19.8509574043008     
   27.2236595080770        10.8723421914425        20.0689587979571     
   27.8252228631324        11.9268876188371        18.7901179666923     
   3.50085747051082        22.2558555461588        19.1119247145393     
   2.87185412457627        21.0142527638446        18.5572779738845     
   1.85892105809915        20.3307016114362        19.3707554765603     
   1.20882894240455        18.9162615971773        18.4211230000917     
 -0.573057956599976        19.1553894738827        18.2635596183197     
   27.3892153854929        6.21341892086595      -0.270670529575432     
   26.0867911726990        5.71917000552725       0.462935479576829     
   24.9836620063794        6.07069497042053      -0.514127517188907     
   23.2696892779739        5.59697552557647       8.291972692599120E-002
   23.4397026258215        4.02079793928109       0.911547901076878     
   16.1003976914102        5.17630571107454        2.81590702020055     
   16.4652998331944        4.00137233876082        3.78070460331864     
   15.3441576335534        3.63067235796379        4.71892038988275     
   15.4272483673436        2.21258685679977        5.89234657246447     
   17.1275420003748        2.29271901082251        6.44754630334167     
   29.3386777271372        32.1329118731978        22.4312562943472     
   27.9225585384714        32.6731667344039        22.7177952061257     
   27.3178782635498        31.7795036798939        23.7473926400619     
   25.5539033677401        32.2054751478938        23.8721594594864     
   25.1797964690195        31.2512977868739        25.2986984348607     
 -0.302563941653926        19.6554959642772        5.23369227932581     
  0.379412131987540        21.0008834840221        4.75260624516991     
 -8.165026258729806E-002   21.3994022141958        3.40964811058584     
  0.961253541276927        22.7244060654237        2.68739765392177     
 -0.281948723216413        23.4555354434695        1.57942886693925     
   16.9512060074014        31.7840637008049        26.0359396483895     
   17.0285569712033        31.2355845151320        27.4489776512879     
   18.4396082635693        31.0679782666947        28.1204375413092     
   18.4601002438422        29.9856600810437        29.6048040910164     
   17.0616903548429        30.4982349259697        30.6088920179860     
   3.36123093077961        17.2770129167585        6.94592031890208     
   3.51904900532386        18.6204152696146        7.75977036542549     
   3.34837104462701        18.3780394738837        9.25617888110601     
   3.76751866975369        19.7737037041938        10.3987864175516     
   2.12449164067891        20.1535429557882        10.9657203932238     
   22.5153819454070       2.195651277933516E-002   3.73221060319342     
   23.5252846559297       0.936894422475034        2.99340182231267     
   24.9918896333302       0.552150560500512        3.13962231057007     
   26.0562496294367        1.83833105714349        2.42455237182535     
   27.5679833944531       0.940585289193983        2.03366844608708     
   10.0542557916732        20.6776547664910        4.36930866552682     
   10.9680261038354        21.5164938762841        5.26930552220313     
   10.0882415887152        22.3502841495055        6.23655672531876     
   11.2498073647698        23.4785149917797        7.11721071403336     
   11.1256767978833        24.8557365417695        6.01364946741457     
   5.40106505345999        33.8488953231953        10.5339869438625     
   5.74345035028646        32.3662705806227        10.5322274345068     
   6.43319216496583        31.8124261736334        11.7642798618476     
   7.01699123137687        30.1117754208919        11.7016310459083     
   7.74139800367224        30.0311457456524        13.3296552063890     
   17.3252699798731        8.39985691182450       0.660797632274254     
   17.5810115618851        8.84645052724128        2.10736517408504     
   18.6599195736753        9.96261150337180        2.08363055813079     
   18.7384082120539        10.7935815559953        3.71871249864387     
   20.2985855781176        11.6185114535741        3.62513015480130     
   19.5652770570546        9.13694353410323        26.9954597394270     
   18.0827512391944        9.21698822935610        27.4567649781423     
   17.8057150759609        10.2928528816880        28.5445196905491     
   18.9321577258506        10.5328178219627        30.0195137306613     
   17.6884728814360        11.4215615289845        30.9632463497749     
   4.15867685225617        25.2534358879459        26.7682307028890     
   2.92099123705624        24.3900139832462        26.8915047342702     
   3.10409113836026        22.9085200036362        27.3530747187063     
   4.08951315051560        21.8729301493862        26.2469410825749     
   3.92671442265410        20.3357089087931        27.1166795088553     
   24.0880369538864        27.5452732423667        19.0281697639478     
   23.3716329684674        26.6355889552715        19.9768091999691     
   24.3653791453387        26.3503783597843        21.1274221591831     
   23.6131446384276        25.6795047512263        22.7052089543092     
   22.6796792562757        27.0789123902813        23.3243764072251     
   23.8817547124118        8.14803834826618        4.88455283975756     
   23.1767351667488        7.88865686148148        3.49243654771023     
   21.9768171073343        7.03599208234102        3.66795147290259     
   22.2414198643263        5.26904554225392        3.99454123301897     
   20.5591851349532        4.87859312310293        4.32263122492608     
   18.3063888305650        1.40506656737530        21.6623655559448     
   17.7545436093795        1.61483685515122        23.0910436220907     
   18.3728309153101        2.90799008506642        23.6357428272575     
   17.8595147102752        3.41384551033807        25.3149182561467     
   18.9249466379996        4.76506856476816        25.6549718345159     
  0.215058319608158        4.25083891583716        30.3212421885236     
   1.38368038498594        3.94621804263776        31.2673811989143     
   1.36358284646845        2.66028554548734        32.1192195766033     
   1.57540653713903        1.01355153094390        31.2607838471230     
   3.32111325053509       0.649613373487006        31.0794525732073     
   16.4018187559740        7.22649517300164        23.4452436306729     
   16.0047075975540        7.00757642095563        21.9989011313549     
   16.2213584344483        5.55011601643545        21.5945545103755     
   15.8489234233179        5.24638686912160        19.7546960618389     
   16.8256585385162        3.80828508666148        19.4405229160077     
   28.0988578656473        4.09278264971610        23.1150497122554     
   28.0510412014075        5.55507996982042        23.6569574306997     
   29.0502380702927        6.44324491959634        22.9467166406672     
   29.2178344038286        8.19310621399998        23.4448419587732     
   30.7459700508796        8.59275544926004        22.5410576443261     
   8.38118178700950        28.5877057441473        17.0280722270745     
   8.19299983586743        27.0767153941220        17.2342142881526     
   6.86186004200537        26.6695070347889        17.7524789259873     
   6.34620769656672        24.9085692859741        17.5310179478121     
   7.39302926658774        24.0205012188221        18.5902152918776     
   13.2715657138202        2.64513121704025        24.3747652625803     
   13.3770589650509        1.26704226687765        23.7005512824416     
   12.9147958622243        1.24397811035648        22.2258506606995     
   13.8932142167995        1.92399403931516        20.8789601160698     
   14.6208615721727       0.360641122374581        20.3378252341586     
   2.95031465028241        11.1114424672662        26.4160576499687     
   4.01425537941759        11.3737800734903        25.3672126021619     
   3.54189600121498        10.9102459877009        23.9810080474940     
   2.29091167216856        12.0109878839860        23.2851813233453     
   2.52754720090233        11.5862059491738        21.5467360603461     
   6.46441839186321        29.9988047087060        6.61469303611906     
   6.30128988499577        29.2962958050469        7.98568585214155     
   5.13667308294349        28.3329669321313        7.83969543290566     
   5.03330592347870        27.0957237143133        9.22056970414520     
   3.32466459369668        26.6746916186741        9.17697800139166     
   10.8022661660170        11.7620160102587        7.17096358413411     
   10.9002037096282        10.7831229066333        8.39291905363664     
   11.8983852543308        9.69906710451946        7.97721563450572     
   12.0842819513830        8.18842268100777        9.02385938983648     
   13.2734679116841        7.24693255004825        8.03736977196550     
   13.1857381321864        29.5817316978944        23.5148474185525     
   12.6970524685951        29.9676117360815        22.1422745297075     
   11.7792497757225        28.8923398419532        21.5437271998443     
   11.0311862782619        29.5247680083074        20.0069735702026     
   10.1117388741605        30.9240911360725        20.5942305404200     
   33.1331299654242        5.63384592497255        10.6124024937685     
   32.1070361149634        4.62371180944375        10.9753526568537     
   30.9482590095395        4.43424818343399        9.98501527167696     
   29.7297963651058        3.14763295817016        10.5757939573352     
   28.3828251105860        3.28779136766860        9.46328232631688     
   2.04800340333377        28.5311294046341        23.9023556329298     
   2.26190129785339        29.8795236831667        23.3143580888888     
   3.09822567822178        29.6049717785529        22.0686001726667     
   2.37701823441716        28.7069088582289        20.6441093522854     
   1.34129987538140        29.9386181411001        19.9717363926023     
   14.2286468689246        27.5532777753633       0.529511149394099     
   13.5207472362547        26.2233604013826       0.402077491464717     
   12.1135497824056        26.4333490728381       0.905120746635478     
   11.0098977201435        25.0548071520771       0.615747434706207     
   9.45858260154010        25.8113341168015        1.01370537025450     
   28.3167724997541        22.8439921136143        11.6806000085766     
   28.6868426584116        21.4431790251344        12.0460689672687     
   30.1608219489597        21.4593210213763        12.3925152218059     
   31.0445362495235        19.9047165374200        12.5533320803169     
   30.8133344521795        19.5318965363554        14.2573264103432     
   21.1187772669088        2.95051648619249        8.35759499317413     
   22.0693356012207        2.60209996320081        7.23405568427973     
   23.3241434317483        3.40250974084750        7.59698846721308     
   24.6787657868698        3.66555455911246        6.41712232456709     
   25.5143300487905        2.19660990629401        6.84601229317120     
   5.72207309768110        1.03767620696548        1.42122189072950     
   6.10316126887258        2.48131498249993        1.57616541177767     
   7.30585091069472        2.81827157072902       0.736618898305404     
   8.13670574234922        4.41496687684033       0.927738133351873     
   9.03315964619362        4.00532792184092        2.43039915650616     
  0.312682328703913        22.6994028423585        22.1549373993498     
 -0.279385409440689        22.2950470063722        23.4956731380540     
  0.813816551711702        21.4773478166859        24.2042397067766     
 -0.108116162793773        20.9504616471776        25.7380559218098     
  0.620616636415215        19.3577005870353        25.8238258357213     
   1.41480736453766        6.83919519771162        25.6533366387932     
 -2.144777503927061E-002   6.50169347032579        25.1697733361941     
 -4.922149190910128E-003   5.20812806731833        24.3025609172121     
  0.374383761912808        3.65223180851449        25.1496174108241     
 -0.784316910701429        2.60176467076908        24.3348851767750     
   28.3169408706894        17.2117580361857        22.7612292216939     
   27.1205824930394        17.5107895396332        23.6744869468467     
   25.8470161241871        16.7754176119088        23.1824162990479     
   25.7858593439342        15.1488139452937        24.0436256078287     
   26.0904924541386        14.0268494307359        22.6804523340114     
   20.9650719393875        8.86345807180801        13.2727397755541     
   19.5258725003490        8.79747744886179        12.8357018620777     
   18.7448025551045        7.69233391571196        13.6294159889691     
   17.4064510874030        6.96518096559644        12.5834653531380     
   18.2109376344986        5.57620317996703        11.8193128019342     
   2.76739570855388        16.7494209077842        2.11469853204973     
   4.28893068684522        16.6050208921303        2.13366876740322     
   4.69423565164114        17.6163678571743        3.16980396638507     
   6.41644205323063        17.3939810916806        3.64120829571648     
   6.36020171518413        18.3422723258704        5.13314214179510     
   25.9246536871551        17.8508503469659        6.00778379429141     
   24.6986903261605        17.4424162690250        6.77941084736756     
   25.0907883599823        16.5701127585307        8.00397202128068     
   23.6490294344283        15.6913788702693        8.67928276407352     
   23.9095815491368        16.3541420253989        10.3148669039170     
   13.4075496330366        31.0213622718993        6.77011839316446     
   14.8766809513153        31.2661117591773        6.99213477948034     
   15.8721371633308        30.6619765419394        6.06468921830765     
   17.5988199088341        31.1578336931514        6.43742344697841     
   18.6354488574982        30.1862074829863        5.31022852003086     
   17.9238420523906        14.8604118059872        17.0527732676488     
   17.5898983455370        16.2646846862808        16.5847771273730     
   16.9676307728272        17.0475056774492        17.7311807696966     
   16.3810919833164        18.7016889681973        17.2132325966014     
   15.9977966407622        19.2396674761543        18.8347539683046     
   24.1293312383038        18.4502611943514        16.5320183560341     
   23.3267908253234        17.1909737828601        16.1257814374797     
   23.3765082426473        16.1399528201907        17.2267185670840     
   24.9197366965407        15.1759757368016        17.4242807737058     
   24.7612638088052        14.2265360035707        18.8866442369025     
   9.30805719362314        33.6357524678476        27.9686590756407     
   7.80120758764989        33.5503571510058        27.8028421446923     
   7.07841389384246        33.0377939079906        29.0723025363496     
   7.68703001633568        31.3989673264498        29.6180861028159     
   7.09202576360757        30.2555834909036        28.4162909261803     
   20.2477307074441        14.3731771617621        13.4955248311792     
   20.4689570455223        15.7399190850762        12.7553270063460     
   19.1964066253634        16.3494864648047        12.2243761060011     
   19.5330899348659        17.8326007647976        11.1766333134549     
   20.0071220571144        16.9262500557564        9.67933230561962     
   6.22228105439373        8.37252894073891        29.0023132906922     
   6.86471730313126        9.68599105959945        28.8767492085615     
   6.15396670256444        10.9214940656763        28.4369434597195     
   7.04303983688425        12.4216491818505        29.1126820764625     
   8.66678154739978        11.9861743578678        29.6023910823823     
   21.6838755127075        17.6144576284051        3.99645382072736     
   20.2320228901254        17.5952954424749        4.61575420109604     
   20.1900116582295        16.8951977473599        5.96617023554234     
   20.1027400973707        15.1119568679415        5.47209475919879     
   19.3242761754383        14.4558848178697        6.88670577332201     
   6.69668990642280        11.2011888642412        8.22830148726866     
   6.90572117285214        12.4556755092224        9.04353961389350     
   5.49032987487413        12.7447068422821        9.58602398497109     
   5.43023834324325        13.9669487516880        10.9046764164851     
   3.71353301720848        14.3194253932696        10.9164361954993     
   6.94178687172548        3.91038453069525        16.4743217086597     
   6.18172553221639        4.33131503942307        17.6493557088895     
   4.95787796274279        5.03391546417387        17.1619675049359     
   3.78818596899752        5.42248874741971        18.5506860874623     
   2.68332170950879        6.36702836524906        17.6032697213286     
   23.7574211998059        10.2364309330359        22.0420974445883     
   23.5205459216559        9.24472464040745        20.9163075921805     
   24.0421789507768        7.84920961208966        21.0699402660557     
   24.3768051236589        7.00336663250214        19.4315664668255     
   22.7061339867175        6.74945513421648        18.9422224570429     
   27.8269489910243        11.3982648877454        8.47276089730476     
   26.3014620749388        11.4072179564020        8.45817629326169     
   25.6786082300217        11.3535015161116        9.89222576108964     
   23.8509990992893        11.4297563110444        9.87688191886857     
   23.4808222313789        11.3566367889994        11.6094500841543     
   22.5830954058773        13.6512228092046        32.9729340383876     
   21.9530376627237        14.3522042724511        31.7570521662684     
   22.5783828659852        13.7121226672536        30.5103235509965     
   21.8273612829827        14.1657460004664        28.9086110604702     
   20.1480282600274        14.3456625904861        29.3835363858721     
   15.6183901865946       0.647004694597645        14.5320114106716     
   15.3733592786121       0.324992700769574        13.0819982372295     
   16.7388353625970       1.238037700144937E-002   12.5074646164874     
   16.5759513512648      -6.608643351015060E-002   10.6849246486173     
   18.2103922085496      -0.421722450293306        10.0616884901257     
   9.91358988618536      -0.436502691832510        9.10948993658721     
   11.1953249344302      -1.157687862009137E-002   9.75058847152024     
   10.9053850596221        1.03152759094460        10.8427253419943     
   10.0022936949195       0.371065873996795        12.2807769787223     
   10.2593179878228        1.81677232875290        13.2784737049133     
   6.19779317710714        21.4346210976905        8.61520846808543     
   7.33764960024000        21.6588497439711        9.61090935650266     
   7.96155656283956        20.2113803298731        9.89295681262302     
   9.48613406969575        20.4113111686886        10.8831088708528     
   10.0750709830765        18.7389319039254        11.1858341258201     
   31.8720287918718        28.3254626383264        17.0365705379035     
   31.1746717273022        28.2288484041093        15.6966992637114     
   29.9764266391573        27.2759054978705        15.6856074529989     
   28.4807710993838        27.7588404992801        16.6545625486631     
   27.9360313132745        29.1809215460700        15.7273669411709     
   28.0918463722905        27.9942006423856        10.3827725262550     
   27.7509141119825        29.3533257459103        11.0474485061268     
   27.7780182847798        30.5143065032158        10.0744089711752     
   29.4743591515859        31.0142072363956        9.56220416829955     
   29.0050486535381        31.8163376644852        8.04947778138613     
   13.6871425318885        25.5015087158069        13.3653629590931     
   13.4956167338963        24.0680352287077        12.9398581749096     
   13.2989760203990        23.6899377801465        11.4715411045473     
   13.6502266878014        21.9338446617888        11.2348978941221     
   12.6589460751284        21.5621039743668        9.78599527941082     
   14.6996569427963        14.2731219571979        3.34106895485233     
   15.5843782594387        15.4579098568856        3.76654278302198     
   16.8064900486896        15.7861301429700        2.92998215908607     
   17.9871161375985        14.4351593883937        2.68499832138829     
   18.9597290309193        15.1243608822975        1.35786757391424     
  0.710124128953958        5.28562609630086        14.2866753840346     
  0.762911060223327        3.88676882231063        14.9705812085010     
   2.19351178299375        3.43527668754909        15.2656354077725     
   2.92306704366815        2.76373180907552        13.7434431765877     
   4.45824357995551        1.86723799235495        14.1503269855612     
   23.5556834921429        29.4539880065095        12.9573198968906     
   22.8608759073942        29.3004251698719        14.2639168040826     
   21.4191447346544        28.8329543328724        14.1140451010818     
   20.2972249535071        30.1366714323444        13.6146302908116     
   19.1628313226119        29.2786847751395        12.4995002405572     
   29.3752092370426        2.78393633339957        15.0820362112242     
   28.7827997423850        1.40933267232761        14.8334727987901     
   29.8889055729547       0.373728351962546        14.4075583875184     
   30.6869973065860       0.456472613688382        12.7212683965358     
   31.3984300616565       -1.12411882710338        12.5260562607449     
   13.3030493792945        2.23904399542060        29.3555389408969     
   12.8443320473998        3.23867106532616        28.3082522328326     
   14.0464785367512        4.13244371801119        27.8723702752509     
   13.3491876906325        5.64394175617605        27.1582300215720     
   14.9425990205071        6.38571753429472        26.8214020985897     
   15.9210899910499        27.1099615162525        28.5649678999170     
   16.1671091589304        27.3230698574822        27.0236073007795     
   15.6322765211895        26.2004559969192        26.2015611502936     
   16.3960512260528        24.5181007147816        26.5210261330774     
   18.0408039278451        24.7320329713792        25.9158340018016     
   9.33836079624341        23.4006105577572        14.8414757035163     
   9.07909530823428        23.1587503991961        13.3372922375271     
   7.60692761833086        23.3806506349538        12.9987520595307     
   7.03575879045886        25.0879845541746        13.2528972520892     
   5.50989980494765        24.8127613965485        12.4073112904506     
   9.97585065276518        6.14576407275436        16.3097633939566     
   9.68018032167582        7.04389509792737        17.4951710230499     
   8.41550345017925        7.89032222296643        17.2618354196409     
   7.40499158914443        8.35126115380330        18.7215771417621     
   5.85775212466401        8.96389122126511        18.0211140231893     
   31.1046271952040        15.5762199699181        6.44427519675161     
   31.1060168684645        14.8177731300124        7.75066116111956     
   32.3695694480304        14.9572330275295        8.61868151676023     
   32.2115947698183        14.0901076338880        10.2289495139411     
   32.2246954872584        12.3667992272709        9.72501625400388     
   8.02678388337088        16.6176314004234        21.0296577283588     
   7.28938702745997        15.5150952462534        21.8304387705875     
   6.50591311728054        14.6710532057796        20.8307459054867     
   5.66017200281151        13.2443198253351        21.4829468225490     
   7.05123748985970        12.1616596856057        21.7407089785940     
   15.0192041233732        26.5236303486223        20.3603814340779     
   14.2572010915361        26.5159943084875        19.0819576633317     
   13.6513216780385        25.2024177642975        18.6323517405726     
   12.3591530603519        25.1282449501619        17.3320239687822     
   12.7888681140505        23.5522539334558        16.6104876773497     
   22.7714377176723        24.2645170929763        11.8869976492518     
   22.9535956309841        22.7571821632281        12.0480042798577     
   24.2256446203087        22.4263058669019        12.7819727227254     
   24.1672608436238        20.6880508063877        13.2618785525548     
   25.1066195467825        19.9986659139904        11.8835234771985     
   10.0237757970933        28.3244163111578        6.98931275882046     
   10.0911601784649        29.2872280375207        5.84316271984147     
   10.4074697371276        28.6173619434597        4.51595404265820     
   10.2355471589531        29.6096516024391        2.92730505592927     
   8.49107116979372        29.9551239489478        3.17556025462234     
   2.73246537577952        10.2030782467570       -1.91030173420043     
   2.54388150435309        9.35924199341872      -0.631665830753831     
   3.69430471433748        9.77297533803068       0.299197511462532     
   3.80910030491519        8.66533651876955        1.72195633186135     
   4.85670659943367        7.34346555527303        1.10800264767496     
   30.0523980301498        31.3432012557539        4.45961599054717     
   30.4212140513673        32.2241100443260        3.28327606235194     
   31.9256768762782        32.5580988688061        3.06282996308955     
   33.2759375611630        31.5971624231042        3.67237320207954     
   33.2502889404324        30.4088651537601        2.38769464365981     
   22.9081595087741        12.5149559154322        5.95298437794048     
   24.0846853907247        13.2613920130268        5.35393952363830     
   25.0125722889158        12.5365362957937        4.38257154691202     
   26.2562411535999        13.6447777529722        3.69302606051426     
   27.6167046768762        13.6385974481966        4.85457125943082     
   26.7665630103620        13.3920653517603        28.7794936448928     
   26.0822336984408        13.0782298574669        27.4285792046823     
   26.7830017479138        12.0082126110708        26.6449810566245     
   25.7565025285592        11.4813610035189        25.2525897506529     
   26.8194778597759        10.3934734431199        24.3541202901663     
   29.8635591184654        14.9210121991035       -1.42209064346442     
   29.6072702024702        15.3728056575057       5.431367161690814E-002
   30.7828138398095        14.9531365887073       0.960490685292091     
   30.5352392062781        14.7996225278000        2.79293031877545     
   31.7522849205575        13.5671185183929        3.18640315459643     
  0.212434967329532        17.6911963996104        29.0105584968133     
   1.49075550076884        17.2064211461969        29.7359392006778     
   1.44261546750331        15.7428691889684        29.9517248635536     
   2.85637825674671        15.2529991052638        30.9760640557284     
   3.36343562065698        13.7197063422197        30.2976436649822     
   21.0964521428566        22.5204473183213        8.20769646791964     
   21.7702267487358        21.3121027133925        7.45033636487854     
   22.9805563987928        20.7354131058106        8.25626046997934     
   24.7382633225769        21.1552950960476        7.84253747669234     
   24.7055073294569        22.9037242676277        8.11101916628803     
   6.66475249148430        19.2695403827718        14.2299027944192     
   5.74392356974378        20.3856958103153        13.7793457685585     
   4.88601256628848        20.6855127614576        15.0249260432046     
   4.25640424654717        22.4339930296575        14.9874186454191     
   2.59804952003894        22.1949609022660        14.3985601359425     
   25.6976408643078        22.2366125240932        27.8006957970717     
   24.5402464433101        21.9552012051951        26.7924057887800     
   23.3784109149666        22.9311268126993        26.8793607014626     
   21.9596564641792        22.3686342962395        25.8572673106559     
   21.4485601080029        23.9155457217775        25.1592816465954     
   14.6856196160762        27.3184285231167        4.65596884005126     
   16.1333581267204        27.0157348125809        4.63513898520865     
   16.5093714715807        27.0203838495516        3.16578199542011     
   18.2950289189546        26.4450217927960        2.97142805395085     
   18.3790812433174        26.0200205013289        1.26143018570799     
   22.2917807017683       0.615966027218821        11.2350086732581     
   23.8464289115409       0.587632704607850        11.3086835157847     
   24.4131486312630        1.85206577651590        11.9474660184096     
   26.1973405572027        1.74986499218449        12.2942096754800     
   26.5449553860517        3.51361602655300        12.3580898751026     
   20.0940026885260        23.5561750114306        4.58573650938361     
   20.5432527252335        22.3962308945782        3.76283501355238     
   22.0385184443816        22.2720990525363        3.82852953773763     
   22.7170079880803        20.7433690509144        3.04075558169943     
   24.3050736557319        20.7300058123870        3.78533693036454     
   24.3355642303968        26.4348530640949        31.2812754470730     
   24.2119735451560        24.8980033815012        31.0157271765998     
   24.3609449961052        24.1082810691531        32.3180820206457     
   24.4257744123992        22.3250726198923        32.0282606444543     
   26.1124661820640        22.2184627144398        31.4559664345328     
   18.9944625756237        17.4765281477349        27.7079693682911     
   18.2196123613432        18.5503372340214        26.9621810932380     
   16.8011194227096        18.0468323900910        26.7062095153554     
   15.9867087566316        18.9260223824236        25.3487148289414     
   14.5207795215339        17.9424717158125        25.1657827018086     
   5.25418086889475        10.2376208515945        14.3828881898051     
   5.33957999183290        8.89915711186757        13.5892029906007     
   4.05512474533565        8.01117847026742        13.7865916987276     
   3.96836737028499        6.44918912494651        12.7799966953982     
   5.49285609336065        5.52407172608060        13.0850164324958     
   13.3123238961029        22.5254239157149        1.69356227878322     
   13.8503930930249        21.1560674905518        2.14852667961600     
   13.9006525359111        20.2165390778099       0.905755293285089     
   15.2593906359412        18.9662614869108       0.770134272593909     
   16.6637083703705        20.0850190911820       0.999738872250836     
   7.35819171993020        28.3388251818472        21.9765934099235     
   7.39568761904612        27.5685204782431        23.2993737467872     
   6.81536446785208        28.2746453154712        24.5266309613043     
   7.27545089709637        30.0770207548140        24.7118933111580     
   8.91684896591973        29.9523789440178        25.3852956010811     
   24.0457110632789      -0.187376744118954        17.0704689697336     
   24.2709808319080       0.564518027209261        15.7726721094389     
   25.2202662048706        1.74532488417933        15.9893330898234     
   24.5997778372020        3.24059384678755        16.9055749824372     
   26.0729777584828        4.25512154009569        16.9411598971050     
   31.5042478640349        28.0385439082386        8.03055842205701     
   31.2882324691457        27.2083388518825        6.77328142415996     
   31.9644748838826        27.9521225238801        5.59483309775336     
   32.0253643244274        26.9446437546384        4.05777148020060     
   30.2823901433504        26.7673314193181        3.69891043948528     
   2.03395451690535        28.1936954408615        31.1561067370961     
   3.16297579879977        27.2433827382330        31.3203252061668     
   4.41251055234273        28.0554973481656        31.3770407476263     
   5.93274143795878        27.2426764890799        31.9822264151037     
   6.38937740808921        26.1080298808941        30.7168010350976     
   2.93510394842671        29.5553674071865        12.4635290225715     
   3.82446554585606        28.5811811789987        13.1621614557922     
   2.99469253801976        27.9216085835912        14.2903560951680     
   3.99941848561791        26.9527328224428        15.4890303118801     
   2.57428845962153        25.9589980131780        15.8999669472216     
   11.5805472439218        13.9317313214874        19.5160520067475     
   11.3825310180182        13.5709883254114        18.0816180725150     
   9.98295519730885        13.7649810344331        17.5828643314242     
   8.83408638280564        12.3941412110832        18.2827810242156     
   8.02252435596054        11.8753446828024        16.7739774405051     
   2.22046541910756        6.34404701130939        4.07154735550485     
   2.30175109780774        5.10864210163128        3.19707932731861     
   3.09938016486381        4.00427252498791        3.86961293321204     
   2.69397542101246        2.28287066743483        3.44042998939565     
   3.90209905058873        1.50687687598616        4.47086306257122     
   28.3807980656900        11.5022915524010        13.3602022798036     
   27.4385623444458        12.0790803879282        14.3940031770230     
   26.9019689133813        13.4749753369368        13.9900236561354     
   25.1870182753884        13.6863512932360        14.5938815823975     
   24.7773321664029        14.9850365526661        13.4688118029160     
   11.6432536368417        14.1554623302227        10.4508491571237     
   11.7275299702806        14.7454133558545        11.8544973841190     
   13.0334913252410        14.4934650611755        12.6501290717292     
   13.0763650555903        15.0838021456533        14.3842260075298     
   14.8276136488464        15.4591624366385        14.4427762584778     
   1.06375221954420        9.96475754628875        12.5543743600318     
  0.578341762165749        11.0124239573135        13.5229121787199     
  0.825147906585627        10.5522053236830        14.9517770852933     
 -0.692857928675522        9.81298970511435        15.5820373211135     
 -0.127647812281133        9.23707877841371        17.1734597400880     
   6.24243720687946        12.4418800903076        1.81660598639081     
   7.25315781923881        11.3734369255459        2.11116179180641     
   6.77834647937320        10.3406152433615        3.22133113849583     
   7.39776760471423        8.59923062824135        3.16368162799861     
   7.06575266356107        8.13547261392542        4.87039117303826     
   10.8041205879209        28.5192856888146        11.8807545532666     
   10.6600239684624        26.9789077042911        11.7064150812939     
   9.76675878267331        26.6993635685468        10.5404958126519     
   9.63603281214036        24.8723097378436        10.2675899959419     
   8.37586808178704        25.0707787435429        9.01440283102877     
   16.4444106109336        12.0095824757416        14.3724224962376     
   15.9521096606077        10.9305056492700        15.2824703612517     
   15.9508772894472        11.4806009534711        16.7286122767770     
   14.6942695598427        12.7116792876891        17.1076031735112     
   15.1244278100788        12.8199337968693        18.8176206629951     
   17.1163383859228        23.1531760611848        18.3871531918506     
   17.9413604408456        24.1110363889314        19.2460684608879     
   19.0481526596948        23.3246518989403        19.9612891296819     
   20.2565636952737        24.2402045624809        20.9894320464248     
   19.1667153931004        24.9544737409429        22.2304699373902     
   12.1685643579086        21.1529688765479        21.5021736754007     
   11.1173091010828        21.0475994987706        22.6231930689245     
   10.1819424229631        19.9316450332306        22.2217439696570     
   9.10813505472453        19.3421578406982        23.6832106480396     
   10.3752708700081        18.3482201268349        24.4913765575572     
   15.7112321171244        23.0196751854150        22.6514772685933     
   16.2599184100013        21.6324080730201        23.0976375088674     
   17.6688606279535        21.3472211966766        22.5821652845544     
   18.2958001710571        19.6728894269689        23.0530757749105     
   19.8792672768816        20.2528087950423        23.5648605977522     
   27.0453287405135        1.98680194717771        30.4722017724401     
   27.3710152812336        2.35716226080224        28.9992022673571     
   28.1415013880187        3.62525051556611        28.9104017797884     
   28.2102755230833        4.20981798996837        27.1704404547458     
   29.5624482462070        5.32071812037997        27.2119515460026     
   21.2965355682597        3.05405690810657        14.9633478615288     
   20.1942941638750        2.27952895933267        14.2614263215701     
   19.2476246401522        1.53736967342392        15.1412452346351     
   20.0003591059001       0.533178982394139        16.5081762423492     
   18.5770672483073      -0.147552440746506        17.3548108164814     
   31.9423419007583        26.3866218187870        20.3533464948884     
   30.6957856630332        26.8380542504546        21.0681253002283     
   29.9095298621180        27.7897683812942        20.1872412194135     
   28.6914399425768        28.8182312996750        21.0749462085233     
   27.8185606329227        29.6618241020719        19.8066724550685     
   6.76920830261650       0.133289067876294        21.2428855787257     
   5.78684404051787       0.898439508312619        22.0878493638969     
   4.62274117072877        1.27163855582717        21.1597368514645     
   3.13213190432454        2.09399921667867        21.7750987042992     
   2.18903880047939        1.09124037841306        20.6873254325579     
   8.98821830250044        16.1149933087327        6.99156090497825     
   10.1839707249691        16.9785828509935        7.26518033451737     
   11.4904682639550        16.2010700809494        7.24980534593015     
   12.3150725414667        15.9379895661303        5.67721566281629     
   12.8952577425182        17.5752098794774        5.30529815424098     
   26.1590348433639        10.4650070108270        32.7803575180785     
   24.7535914405316        9.95433140405623        32.4347421491364     
   24.3747151503913        10.5867159653471        31.0733469727748     
   23.0038445810145        9.65875742135585        30.2647289124028     
   21.7691090322902        9.56463191262815        31.5175780906590     
   9.19432605398294        2.48340195172736        20.0340025067117     
   9.56903007686848        3.94912894838413        19.9665409876480     
   10.5457206300459        4.13453582721358        21.0894589327681     
   10.6698249235631        5.90036372274323        21.4633909184938     
   12.2721246100147        5.97915172179555        22.2677175961864     
   11.2454086468482        31.7081001869803        31.5049092057204     
   12.1202622593348        30.4992251053194        31.6345593956894     
   12.6577930998666        30.0063305301795        30.2580823237539     
   11.4238799743737        29.5578085825278        29.0222805344221     
   12.4573574429752        29.7850275387816        27.6015026987446     
   9.83106406197339        20.0715740507014        31.4788192154651     
   9.20068664446870        21.3697601695114        32.0349571459399     
   8.59764356357180        22.3075635024203        30.9748035370812     
   7.05501563737927        21.7561528443498        30.1236595380241     
   6.89028182905744        22.9758318423425        28.7762635990201     
   14.4865191962037        18.4643098426773        10.4673123420381     
   15.0965180265127        17.9181153097099        9.20395029229166     
   15.2789733317049        16.4058026623505        9.30301928253876     
   16.0913100005902        15.6188625899381        7.89697054957984     
   15.5779373829568        13.9160943523685        8.08416835367203     
   31.9013966914543        4.69238992670476        20.0186820417606     
   32.1779529446404        3.49296443471936        19.2223886915157     
   31.0403404089539        2.83995623246465        18.4735776543456     
   29.8641213385884        2.19926660098065        19.6693024728990     
   28.5827281411968        1.52296188218366        18.7174058559487     
   18.2917044569143        8.29182361291131        18.4205442119633     
   18.7979223750596        7.01125012559482        17.8214692219081     
   17.6404473217912        6.40301579700155        17.0241191665406     
   18.1998304674381        5.11850292039603        15.8290176265535     
   16.6412057618531        4.38146774662972        15.4920480433873     
  0.428446992213589        25.0231615446652        12.5656968239829     
 -0.295688272122477        24.5614060413914        11.2728085703003     
  0.702859423190562        23.9186939880734        10.2976740287962     
  1.058781635088546E-003   23.0670646012696        8.82507858321282     
   1.63785073911332        22.6486705927593        8.33305678578482     
   10.8384237188549        14.8092198948441        28.3383866975843     
   11.5267789489083        15.2812371783020        29.6117167921245     
   12.9635075318138        15.9204233490498        29.3977255019837     
   14.0775768363775        15.8176589283041        30.8407335378715     
   15.6642581358268        16.0850893347392        30.0763735007513     
   16.0673155872745      -0.854047791740841        2.07128349571914     
   15.6141194509975       0.505484318230216        1.50593656569469     
   14.1030172538673       0.673129967032647        1.73371585450757     
   13.4145337857594       0.470692264727104        3.44360424150476     
   11.8291427680981        1.12892760762638        3.10681403994780     
   31.6680832652106        14.2113394666217        23.9070090956954     
   30.8555931160482        13.4526898939954        22.8921434268654     
   30.8255417870069        13.8314914442864        21.4313928841184     
   32.4022148870423        13.9369617039905        20.5049486150720     
   31.6994093794944        14.3857075022273        18.9423060565478     
   22.3583418049505        18.4422862729550        26.1490080484741     
   23.7030551073694        17.9163277492166        26.6303618617927     
   23.5897405492132        17.6776767537838        28.1736685913901     
   25.0022966527926        16.7347667268812        28.7731261408384     
   24.5542287617832        16.9444466721165        30.4308940959780     
   1.34295966229245        2.74998556138067        7.13329415445665     
  0.800532543754163        1.40542801335679        7.55275851244144     
   1.19257682148294        1.02330667218169        8.98345005267630     
   1.06321023738539      -0.801255012232452        9.32850013889107     
   2.43922559311521       -1.39952782745842        8.43605147732999     
   3.78762823914023        14.6848740693302        17.7026819951807     
   3.45697634065336        15.8176077367882        16.7289077977703     
   2.13874046589563        15.4963446974288        16.0082161634014     
   1.31540494998436        16.9882411909452        15.3522941592737     
   2.47712031315328        17.7658274950811        14.2439993094465     
   12.1627733810877        28.9148577976164        15.4074817849797     
   13.4524757467832        29.5676500108900        14.9265476560261     
   14.7373211244783        29.1630327457419        15.7201639585648     
   16.2599408185552        29.2628498370584        14.7235708506956     
   17.0349741309107        27.9306281352368        15.6498414972666     
   20.1223599206455        29.1373281220854        24.9097165410267     
   20.9530977473272        28.8439638174384        26.1777563146236     
   20.3889327792436        27.7386708899203        27.0404242041412     
   21.4458695292161        27.2699338774636        28.4894386603763     
   20.4633345713131        25.8898353755625        28.9613313408304     
   22.3408978020708        13.5296131954421        25.3421160197245     
   21.1664980296811        12.6862728502978        25.7667510890808     
   19.8764150387217        13.4683653351641        25.4452520623397     
   18.2630567852731        12.5517346030655        25.8558184692460     
   17.4529720215224        13.5083184021412        27.1366077396066     
   28.6282663599428        16.3826601754289        17.9273569063331     
   28.4861495221694        16.3639138820290        16.3772906339790     
   29.5637714778787        15.4928300767784        15.6972916853987     
   29.6308547685309        15.5965046398916        13.8231197561570     
   31.1263026780617        14.6854315262614        13.7173886669427     
   19.0631041414340        3.30696071811130        32.9260603505298     
   18.5580236162468        4.45355496301866        32.1104014032432     
   19.6306641121433        4.90587768940210        31.1604767404703     
   19.3677542428446        6.24090303427124        29.9595590725766     
   20.8233489953786        5.79865009060818        29.0510202952249     
   21.8403588839324        20.1611442898187        30.6204797358257     
   20.5363515749360        20.9215117828119        31.0766961684970     
   19.3806496613778        21.0426981812787        30.0332274503677     
   18.1008180939758        22.2748108317748        30.3997432647279     
   16.8011065178844        21.7669927012772        29.2471696158907     
   8.84758260678846        5.72581180183788        29.1191152672691     
   9.59551753861538        6.66015841958107        28.1632071973956     
   9.29898265328095        6.71998405422337        26.7038735232301     
   10.1766566230230        5.47255932246411        25.7325664784612     
   9.01447272383149        4.67642290529167        24.6014754967901     
   27.1552920829749        8.16167430155108        27.9431808857625     
   25.9827957675041        8.36478120114131        27.0137864011854     
   24.7472422869081        7.58518759224408        27.3946592720622     
   23.2830958242212        8.37012284521183        26.6738679704294     
   23.7262772842269        8.06533110892299        24.9670562197614     
   9.14703341167292        8.18382109268258        13.1631401071878     
   9.01221870592764        9.33077777176166        12.1603064011721     
   10.1594984047237        10.1865443590100        12.3182926180422     
   10.0417324195288        11.3218979964441        13.7755602389852     
   11.7367000086068        11.4564882967897        14.1705508082862     
   22.0614705796361        3.45495596075521        20.8123352574256     
   22.8805640631168        2.16628738190179        20.4841479389491     
   22.8886023865798        1.16808083746522        21.6335003513270     
   23.9390343753016      -0.232844703487974        21.0542848175226     
   22.7790064353349       -1.51995718250147        21.3785642075579     
   27.0916057725649        27.3418266156889        6.31666563447068     
   27.1695736032170        28.8157664003983        5.98097720045987     
   26.4882254541512        29.1237198991781        4.68293761492612     
   27.4144474691090        28.4467679142684        3.31329166326396     
   26.2622348701398        28.4441475780810        1.89679276761839     
   11.7183407962589        21.5673944146663        27.5189660899750     
   12.9225952818968        21.9080423107663        28.3603051623460     
   13.2381740251898        23.3778124281582        28.3768557155843     
   12.3943282638277        24.1736939684389        29.8024965539936     
   12.3602449406340        25.9007653976497        29.2767036537908     
   28.0947686833828        15.3901646154015        9.45893659688443     
   28.1224074910636        16.4968353976683        10.4491878760662     
   28.2586513133281        17.9754784280482        10.1082079025517     
   29.6628539120389        18.3342565944862        8.97636155820684     
   28.7995250974420        19.4910893121465        7.89228380438103     
   10.8237649088652        17.6029847747529        14.8095203108239     
   11.2561880731369        19.0538456934057        15.0857546666510     
   12.7408153542348        19.1838741052496        15.2045276697678     
   13.4838027600668        19.2995658353888        13.5402172615065     
   15.1957631570242        19.3523523645622        14.0457462881585     
   29.8719344451679        11.4087868554666       0.257791557639106     
   31.0546317442638        10.5688256437855       0.671989745239967     
   30.8488564121250        9.76213373970912        1.94739994431535     
   31.9702759253800        8.30653758025057        2.02550625987499     
   31.0523955805010        7.40091207605802       0.819566859734913     
   28.8135766930076        6.59200662232744        12.6130417673987     
   28.9864905168563        7.84540650412030        11.7641495911247     
   27.6780820402823        8.07603803222717        10.9438913389053     
   27.6966516912389        7.40063101499981        9.28016250670630     
   25.9514918202910        7.25450979237794        8.91459604983307     
   20.1255661573079        11.5132505899589        9.88423493418294     
   18.8197209475125        11.4277459908648        9.18527372077746     
   17.8354320360748        10.7409705852174        10.1451010571269     
   16.1596010764734        10.4052049942813        9.48401289339511     
   15.1445554414453        9.90138319198650        10.9143519058584     
   26.9582436029891        23.3961773984662        2.97778429363933     
   28.3160638978212        23.3427202504840        3.65437617887936     
   28.3453796074420        22.8554097927642        5.13037713323657     
   28.2757086999348        24.1626074823369        6.42157103540644     
   28.5578709809937        23.0269452392187        7.81956555265741     
   13.5455906265574        8.00926859175401        17.5809962295500     
   14.1677885721139        8.87219231575308        18.6722494122853     
   13.2135294627034        8.95899829053143        19.9145312077722     
   11.7080570779174        9.96910564127520        19.5964963795210     
   10.7734786160548        9.32015927170621        20.9392277821657     
   20.1505632371296        19.5103754957172        14.5601679707226     
   19.9053308123183        20.6477741165929        15.6231328107307     
   19.5399192777249        20.0984837063913        17.0380891871491     
   20.9562667821376        19.4280066821129        17.9107874047138     
   20.2628737985477        19.2853529270241        19.5071419752123     
   31.4051768060485        29.3474133266026        28.1633352404840     
   31.3447116572583        29.9788257082322        26.7825425970787     
   31.1248808587346        31.4595872559794        26.8698855481966     
   32.3403318802963        32.5825815486661        27.6173186470980     
   31.1568937610562        33.9596376950254        27.8511761265873     
   3.92244963127751        2.57076702662512        25.1268385212546     
   3.70707357039679        1.64629029267443        26.3175412175308     
   3.21556408853240       0.214413949251823        26.0426396593931     
   3.33633638152854      -0.749900747465064        27.6388361027966     
   3.05192972738556       -2.30945144469974        27.0146991811711     
   31.6392054305153        23.8408213609637        16.2656582794441     
   30.1092835291018        23.4507563555268        16.3032446254249     
   29.9439964840785        22.2984339952786        17.3362608911220     
   28.2418024860761        21.6445640046858        17.6904601839297     
   27.8386620087731        20.6505179295261        16.2429189852958     
   7.99881803465496        18.7020390889143        27.5066703656926     
   7.01624191671684        18.0408471798115        28.4456573380036     
   7.65410189852351        16.9774782682347        29.3815154603612     
   6.57303383884685        16.2250950922608        30.6880273961898     
   5.58739478858212        17.5864360239577        31.2287639586479     
   21.1508771073339        1.28458641122809        25.3942886930956     
   22.1597310957764        2.23752614766381        24.7629515702857     
   22.3848385379226        3.28887026230049        25.7959191276225     
   23.3624463228816        4.59930005003577        24.9849158043111     
   25.0238884078686        4.00867819719276        25.1763650615939     
   4.80971425037444        13.6468148227368        5.10736014789944     
   3.51618596039243        12.8086641678576        5.28729389223762     
   3.72148423893425        11.5227347847680        6.07068898451583     
   2.12489346071947        10.7741230199509        6.43945282982892     
   1.78140108266442        10.2718281471415        4.74078105983671     
   2.08805658185784        16.6732357230923        21.9241698221416     
   3.49499891902413        16.9279321667644        22.4494162868430     
   3.42257594730312        18.2121650332037        23.2667361892989     
   5.06147335271375        18.9970213840266        23.3284446791302     
   5.20444918097937        19.6811401719693        21.6904285979772     
   20.8792660040576        24.5263920298930        16.2971439397551     
   22.1204108956406        23.7055884509083        16.3740741664045     
   23.3691833022183        24.4460764533740        16.9807372831793     
   25.0014363647077        23.6238360867016        16.6516897022556     
   24.6761611101720        22.0925843120922        17.5172621347181     
   10.8554490553609        12.2902981220253        2.74446506299987     
   10.5909822560833        13.7510514625587        2.82548929901461     
   11.3873308568654        14.5576322616801        1.78075373755062     
   11.2963400750309        16.3495516863814        1.76138697556902     
   9.60695434726970        16.5917198708702        1.26008570110425     
   24.4973454951082        26.8483185976763        26.8244024269821     
   25.5520373243980        27.1794873912217        25.7554259307996     
   26.9272178746068        26.7374537154500        26.0866935296384     
   27.9649877066611        26.6884081148101        24.6133276813179     
   29.4286598020664        26.2363952699240        25.4922876336595     
   26.9237904612840        30.0545841010602        30.4954266030272     
   28.4397302094756        30.4447410305007        30.3658294828337     
   29.1431552180618        30.4191569218872        31.7242117379321     
   30.8469764289204        31.0566283609657        31.6751565455631     
   30.5501810363528        32.7712597231784        31.5656761223301     
   17.5466122100781        16.1788517962410        23.2257743486399     
   17.8810434468021        15.3286699795795        22.0250660522580     
   19.2694746060187        15.7819966722196        21.4909915918032     
   19.9598821456234        14.7525798970081        20.2066030999380     
   20.9950223926562        13.6371535296570        21.1394149748411     
   8.50424836986495        1.12010407730046        5.95815942281335     
   9.05615535511162        2.54372154719029        5.87974886522972     
   7.89251393026389        3.48296460069800        6.11688318438023     
   8.40300772724527        5.19810201393467        6.60654898159479     
   9.75757412353843        4.86368750861971        7.77406747105271     
   14.9145661415556        23.8330844985169        6.60878742705945     
   15.6643257589057        22.7809756579265        5.75193339383656     
   15.1818216567338        21.5033545952341        6.37757197882014     
   15.6427035425226        19.8880124838956        5.61205553024594     
   17.3989867929393        19.7648031136166        5.94544967791817     
   4.70245471250128        24.5493695851967        6.08153211344326     
   3.95705896915396        25.0921289675866        4.83750503633875     
   3.73665238236971        26.6593383140424        4.88474263087667     
   3.70279517814761        27.2782188465053        3.16744538368389     
   4.75715775956728        28.6482029983509        3.41740864572541     
   6.36329871975059        22.2124102761974        2.90782073851610     
   4.95972217935054        22.2128840447698        2.31322281614438     
   4.80673603060949        21.2539342891359        1.10951025931035     
   3.64207188036713        22.0123158387464      -8.391222570850615E-003
   3.34155428741409        20.6779070178079       -1.09655861684161     
   15.7526375804087        10.3592179580922        5.85053129371993     
   15.4492613984719        8.98369202920898        5.17128510837849     
   13.9314826787206        8.84518931795071        4.89635338981893     
   13.5425774826942        7.31331112708712        3.95141510648539     
   11.7988254866062        7.26467634437761        4.19329121233883     
   9.84672879685346        26.1992289262613        26.5180737002344     
   10.3776846041626        26.4890349598867        25.0572308872966     
   11.5727495291749        25.6029760135176        24.6527943018540     
   12.0868107328607        25.9211175663054        22.9401291958715     
   11.1819165162585        24.7812156429627        21.9193267173689     
   11.9990378577564        12.2163958696514        24.2662698191331     
   10.9118570606515        11.3699744296200        23.5763613667523     
   9.92339492372697        10.7746738081412        24.5567113166814     
   8.67704560701476        9.59272360049474        23.8361104280597     
   7.35675115996628        9.51149303939873        25.0653175337449     
   28.3708390180521        21.2107656555829        25.5247356411841     
   28.7212613437810        20.1462807291134        26.5694159691415     
   27.5429027954031        19.3047615228205        26.9911836895234     
   27.9068009075666        18.2574740580617        28.4477829692365     
   28.9639758718434        17.0315098446167        27.7296158927967     
   31.0875143975959        12.6468687120627        27.8291648489434     
   30.2470643954466        11.5462926759437        28.4297524470909     
   30.9860466740058        10.2196921873266        28.4424065825409     
   30.2759196440688        8.98502720174047        29.6134723104027     
   31.2393831649606        7.53252845350139        29.3671959712288     
