 2
 0 1
  0.5  0.5  0.5
  0.5  0.5  0.5
  0.05  0.05  0.05
  0.5  0.5  0.5
  0.5  0.5  0.5
  0.05  0.05  0.05
  0.1
  26.3424  0.  0.
  0.  26.3424  0.
  0.  0.  26.3424
 512
 2
 1 1
1 2 1 2 1 2 1 2 
2 1 2 1 2 1 2 1
1 2 1 2 1 2 1 2 
2 1 2 1 2 1 2 1
1 2 1 2 1 2 1 2 
2 1 2 1 2 1 2 1
1 2 1 2 1 2 1 2 
2 1 2 1 2 1 2 1
2 1 2 1 2 1 2 1
1 2 1 2 1 2 1 2 
2 1 2 1 2 1 2 1
1 2 1 2 1 2 1 2 
2 1 2 1 2 1 2 1
1 2 1 2 1 2 1 2 
2 1 2 1 2 1 2 1
1 2 1 2 1 2 1 2 
1 2 1 2 1 2 1 2 
2 1 2 1 2 1 2 1
1 2 1 2 1 2 1 2 
2 1 2 1 2 1 2 1
1 2 1 2 1 2 1 2 
2 1 2 1 2 1 2 1
1 2 1 2 1 2 1 2 
2 1 2 1 2 1 2 1
2 1 2 1 2 1 2 1
1 2 1 2 1 2 1 2 
2 1 2 1 2 1 2 1
1 2 1 2 1 2 1 2 
2 1 2 1 2 1 2 1
1 2 1 2 1 2 1 2 
2 1 2 1 2 1 2 1
1 2 1 2 1 2 1 2 
1 2 1 2 1 2 1 2 
2 1 2 1 2 1 2 1
1 2 1 2 1 2 1 2 
2 1 2 1 2 1 2 1
1 2 1 2 1 2 1 2 
2 1 2 1 2 1 2 1
1 2 1 2 1 2 1 2 
2 1 2 1 2 1 2 1
2 1 2 1 2 1 2 1
1 2 1 2 1 2 1 2 
2 1 2 1 2 1 2 1
1 2 1 2 1 2 1 2 
2 1 2 1 2 1 2 1
1 2 1 2 1 2 1 2 
2 1 2 1 2 1 2 1
1 2 1 2 1 2 1 2 
1 2 1 2 1 2 1 2 
2 1 2 1 2 1 2 1
1 2 1 2 1 2 1 2 
2 1 2 1 2 1 2 1
1 2 1 2 1 2 1 2 
2 1 2 1 2 1 2 1
1 2 1 2 1 2 1 2 
2 1 2 1 2 1 2 1
2 1 2 1 2 1 2 1
1 2 1 2 1 2 1 2 
2 1 2 1 2 1 2 1
1 2 1 2 1 2 1 2 
2 1 2 1 2 1 2 1
1 2 1 2 1 2 1 2 
2 1 2 1 2 1 2 1
1 2 1 2 1 2 1 2 
 1 1 1 1 1 1 1 1 1 1 1 1 1 1 1 1 1 1 1 1 1 1 1 1 1 1 1 1 1 1 1 1 1 1 1 1 1 1 1 1
 1 1 1 1 1 1 1 1 1 1 1 1 1 1 1 1 1 1 1 1 1 1 1 1 1 1 1 1 1 1 1 1 1 1 1 1 1 1 1 1
 1 1 1 1 1 1 1 1 1 1 1 1 1 1 1 1 1 1 1 1 1 1 1 1 1 1 1 1 1 1 1 1 1 1 1 1 1 1 1 1
 1 1 1 1 1 1 1 1 1 1 1 1 1 1 1 1 1 1 1 1 1 1 1 1 1 1 1 1 1 1 1 1 1 1 1 1 1 1 1 1
 1 1 1 1 1 1 1 1 1 1 1 1 1 1 1 1 1 1 1 1 1 1 1 1 1 1 1 1 1 1 1 1 1 1 1 1 1 1 1 1
 1 1 1 1 1 1 1 1 1 1 1 1 1 1 1 1 1 1 1 1 1 1 1 1 1 1 1 1 1 1 1 1 1 1 1 1 1 1 1 1
 1 1 1 1 1 1 1 1 1 1 1 1 1 1 1 1 1 1 1 1 1 1 1 1 1 1 1 1 1 1 1 1 1 1 1 1 1 1 1 1
 1 1 1 1 1 1 1 1 1 1 1 1 1 1 1 1 1 1 1 1 1 1 1 1 1 1 1 1 1 1 1 1 1 1 1 1 1 1 1 1
 1 1 1 1 1 1 1 1 1 1 1 1 1 1 1 1 1 1 1 1 1 1 1 1 1 1 1 1 1 1 1 1 1 1 1 1 1 1 1 1
 1 1 1 1 1 1 1 1 1 1 1 1 1 1 1 1 1 1 1 1 1 1 1 1 1 1 1 1 1 1 1 1 1 1 1 1 1 1 1 1
 1 1 1 1 1 1 1 1 1 1 1 1 1 1 1 1 1 1 1 1 1 1 1 1 1 1 1 1 1 1 1 1 1 1 1 1 1 1 1 1
 1 1 1 1 1 1 1 1 1 1 1 1 1 1 1 1 1 1 1 1 1 1 1 1 1 1 1 1 1 1 1 1 1 1 1 1 1 1 1 1
 1 1 1 1 1 1 1 1 1 1 1 1 1 1 1 1 1 1 1 1 1 1 1 1 1 1 1 1 1 1 1 1
  1.64640009  1.64640002  1.64640005
  1.64640006  4.93920002  1.64640005
  1.64640006  8.23200004  1.64640002
  1.64640002  11.5248001  1.64640006
  1.64640005  14.8176  1.64640002
  1.6464  18.1104  1.64640005
  1.64640009  21.4032  1.64640002
  1.64640004  24.696  1.64640003
  4.93920008  1.64640002  1.64640005
  4.9392  4.93920003  1.6464
  4.93920004  8.232  1.64640001
  4.93920008  11.5248  1.64640004
  4.93920001  14.8176  1.64640009
  4.9392  18.1104001  1.64640005
  4.93920009  21.4032001  1.64640002
  4.9392001  24.696  1.6464001
  8.23200009  1.64640002  1.64640008
  8.23200005  4.93920004  1.64640004
  8.23200001  8.232  1.6464001
  8.23200008  11.5248  1.64640002
  8.23200003  14.8176001  1.64640005
  8.23200007  18.1104001  1.64640005
  8.23200009  21.4032001  1.64640001
  8.23200007  24.6960001  1.64640002
  11.5248  1.64640005  1.64640003
  11.5248001  4.93920005  1.64640005
  11.5248  8.23200003  1.64640001
  11.5248001  11.5248001  1.64640007
  11.5248001  14.8176001  1.6464001
  11.5248  18.1104001  1.64640002
  11.5248001  21.4032  1.64640005
  11.5248  24.6960001  1.64640003
  14.8176  1.64640004  1.64640007
  14.8176001  4.93920007  1.64640003
  14.8176001  8.23200002  1.64640003
  14.8176  11.5248  1.64640003
  14.8176  14.8176  1.64640003
  14.8176001  18.1104001  1.6464001
  14.8176  21.4032001  1.64640002
  14.8176001  24.6960001  1.64640003
  18.1104  1.64640006  1.64640007
  18.1104001  4.93920002  1.64640005
  18.1104  8.23200005  1.64640007
  18.1104  11.5248  1.64640007
  18.1104001  14.8176  1.64640001
  18.1104  18.1104001  1.64640005
  18.1104001  21.4032001  1.64640002
  18.1104  24.6960001  1.6464
  21.4032  1.64640003  1.6464
  21.4032  4.93920005  1.64640008
  21.4032  8.23200005  1.64640008
  21.4032  11.5248  1.64640004
  21.4032001  14.8176001  1.64640006
  21.4032001  18.1104001  1.6464
  21.4032001  21.4032001  1.64640002
  21.4032001  24.696  1.64640001
  24.696  1.64640008  1.64640005
  24.696  4.93920005  1.6464
  24.6960001  8.23200008  1.64640003
  24.6960001  11.5248001  1.64640006
  24.696  14.8176001  1.64640001
  24.696  18.1104001  1.64640002
  24.6960001  21.4032001  1.64640006
  24.696  24.696  1.64640005
  1.64640003  1.64640004  4.93920008
  1.64640001  4.93920008  4.93920002
  1.64640004  8.23200007  4.93920009
  1.64640003  11.5248  4.93920002
  1.64640002  14.8176001  4.93920003
  1.64640003  18.1104  4.93920005
  1.64640007  21.4032  4.93920003
  1.64640009  24.696  4.9392
  4.9392001  1.64640001  4.93920006
  4.93920005  4.93920001  4.93920007
  4.93920001  8.23200008  4.93920008
  4.93920003  11.5248  4.93920001
  4.93920006  14.8176001  4.93920002
  4.93920005  18.1104  4.93920008
  4.93920009  21.4032  4.9392001
  4.93920008  24.6960001  4.9392
  8.23200008  1.64640006  4.93920005
  8.23200008  4.93920002  4.93920006
  8.23200001  8.2320001  4.93920003
  8.23200003  11.5248001  4.93920005
  8.23200002  14.8176  4.9392
  8.2320001  18.1104  4.93920008
  8.23200006  21.4032001  4.93920004
  8.23200003  24.696  4.93920008
  11.5248001  1.64640006  4.93920004
  11.5248001  4.93920005  4.93920007
  11.5248001  8.23200007  4.93920009
  11.5248  11.5248001  4.93920009
  11.5248001  14.8176  4.93920005
  11.5248  18.1104  4.9392
  11.5248001  21.4032  4.93920007
  11.5248  24.6960001  4.93920006
  14.8176  1.64640003  4.93920001
  14.8176001  4.93920009  4.93920003
  14.8176  8.23200004  4.93920003
  14.8176001  11.5248  4.93920006
  14.8176001  14.8176  4.93920006
  14.8176  18.1104  4.93920007
  14.8176  21.4032001  4.93920003
  14.8176001  24.6960001  4.93920003
  18.1104001  1.64640003  4.93920008
  18.1104  4.93920005  4.93920007
  18.1104001  8.23200006  4.93920004
  18.1104001  11.5248001  4.93920002
  18.1104001  14.8176001  4.93920001
  18.1104  18.1104001  4.93920001
  18.1104001  21.4032001  4.93920005
  18.1104001  24.696  4.93920003
  21.4032001  1.6464  4.93920003
  21.4032  4.93920005  4.93920007
  21.4032  8.23200001  4.93920002
  21.4032  11.5248  4.93920002
  21.4032001  14.8176001  4.93920006
  21.4032001  18.1104  4.9392001
  21.4032001  21.4032001  4.93920004
  21.4032  24.6960001  4.93920006
  24.696  1.64640004  4.9392001
  24.696  4.93920008  4.93920001
  24.6960001  8.23200007  4.93920006
  24.6960001  11.5248  4.93920008
  24.6960001  14.8176  4.93920008
  24.6960001  18.1104001  4.93920003
  24.696  21.4032001  4.93920004
  24.6960001  24.696  4.93920001
  1.64640002  1.64640009  8.23200004
  1.6464001  4.93920006  8.23200001
  1.64640004  8.23200002  8.23200005
  1.64640007  11.5248001  8.23200009
  1.64640002  14.8176001  8.23200003
  1.64640004  18.1104  8.23200001
  1.64640006  21.4032  8.23200005
  1.64640006  24.6960001  8.23200005
  4.93920009  1.64640005  8.23200003
  4.93920009  4.93920009  8.23200008
  4.93920009  8.23200006  8.23200007
  4.93920001  11.5248001  8.23200004
  4.93920008  14.8176001  8.23200004
  4.93920006  18.1104  8.23200004
  4.9392001  21.4032  8.23200006
  4.93920002  24.696  8.2320001
  8.23200006  1.64640009  8.23200002
  8.23200005  4.93920009  8.23200007
  8.23200003  8.23200004  8.23200006
  8.23200002  11.5248  8.23200005
  8.23200006  14.8176  8.23200004
  8.23200008  18.1104001  8.232
  8.23200004  21.4032001  8.23200003
  8.23200007  24.696  8.23200009
  11.5248  1.64640001  8.23200004
  11.5248  4.93920006  8.23200008
  11.5248  8.23200008  8.23200002
  11.5248  11.5248  8.23200005
  11.5248  14.8176001  8.23200009
  11.5248  18.1104001  8.23200002
  11.5248  21.4032001  8.23200001
  11.5248  24.696  8.23200002
  14.8176  1.6464001  8.23200006
  14.8176  4.93920004  8.23200002
  14.8176  8.23200006  8.232
  14.8176  11.5248001  8.23200005
  14.8176001  14.8176  8.23200005
  14.8176001  18.1104001  8.23200007
  14.8176  21.4032  8.23200001
  14.8176001  24.6960001  8.23200008
  18.1104001  1.64640001  8.23200009
  18.1104001  4.93920002  8.23200007
  18.1104001  8.23200008  8.23200005
  18.1104  11.5248  8.23200004
  18.1104001  14.8176001  8.23200003
  18.1104  18.1104001  8.23200008
  18.1104001  21.4032  8.2320001
  18.1104  24.6960001  8.23200009
  21.4032  1.64640008  8.23200001
  21.4032001  4.93920005  8.23200005
  21.4032001  8.23200005  8.23200007
  21.4032  11.5248001  8.23200006
  21.4032001  14.8176  8.23200008
  21.4032001  18.1104001  8.23200003
  21.4032  21.4032001  8.23200003
  21.4032001  24.696  8.23200007
  24.6960001  1.64640001  8.23200002
  24.696  4.93920005  8.23200009
  24.6960001  8.23200007  8.23200006
  24.6960001  11.5248001  8.23200004
  24.696  14.8176001  8.23200002
  24.6960001  18.1104  8.23200006
  24.696  21.4032001  8.23200004
  24.696  24.6960001  8.23200009
  1.64640005  1.64640003  11.5248001
  1.64640008  4.93920001  11.5248001
  1.64640002  8.23200004  11.5248001
  1.64640009  11.5248  11.5248
  1.64640006  14.8176  11.5248
  1.64640009  18.1104  11.5248
  1.64640005  21.4032001  11.5248001
  1.64640001  24.696  11.5248001
  4.93920003  1.64640004  11.5248001
  4.93920006  4.93920005  11.5248
  4.93920003  8.23200003  11.5248001
  4.93920001  11.5248  11.5248001
  4.93920008  14.8176  11.5248001
  4.93920008  18.1104001  11.5248001
  4.93920006  21.4032001  11.5248001
  4.93920004  24.696  11.5248
  8.23200007  1.64640006  11.5248
  8.23200007  4.93920009  11.5248
  8.23200005  8.23200009  11.5248001
  8.23200008  11.5248  11.5248
  8.23200007  14.8176001  11.5248001
  8.23200006  18.1104  11.5248
  8.23200009  21.4032001  11.5248
  8.23200002  24.6960001  11.5248001
  11.5248  1.6464  11.5248001
  11.5248001  4.9392001  11.5248
  11.5248  8.23200006  11.5248
  11.5248  11.5248  11.5248
  11.5248001  14.8176  11.5248001
  11.5248  18.1104  11.5248
  11.5248001  21.4032001  11.5248
  11.5248  24.6960001  11.5248
  14.8176  1.64640007  11.5248001
  14.8176  4.93920002  11.5248001
  14.8176  8.23200005  11.5248
  14.8176001  11.5248  11.5248
  14.8176  14.8176001  11.5248001
  14.8176001  18.1104  11.5248001
  14.8176  21.4032001  11.5248001
  14.8176001  24.696  11.5248001
  18.1104001  1.64640009  11.5248
  18.1104  4.93920007  11.5248001
  18.1104  8.23200007  11.5248
  18.1104  11.5248  11.5248
  18.1104  14.8176  11.5248001
  18.1104  18.1104  11.5248
  18.1104  21.4032001  11.5248001
  18.1104  24.696  11.5248
  21.4032001  1.64640007  11.5248
  21.4032  4.93920004  11.5248001
  21.4032  8.23200004  11.5248001
  21.4032001  11.5248  11.5248001
  21.4032001  14.8176001  11.5248
  21.4032001  18.1104001  11.5248001
  21.4032001  21.4032  11.5248
  21.4032001  24.696  11.5248
  24.6960001  1.64640009  11.5248
  24.6960001  4.93920008  11.5248
  24.696  8.23200009  11.5248
  24.696  11.5248001  11.5248001
  24.6960001  14.8176  11.5248001
  24.696  18.1104001  11.5248001
  24.696  21.4032  11.5248001
  24.6960001  24.6960001  11.5248
  1.6464  1.64640005  14.8176001
  1.64640009  4.93920007  14.8176
  1.64640005  8.23200002  14.8176
  1.6464001  11.5248001  14.8176
  1.64640008  14.8176  14.8176001
  1.64640005  18.1104  14.8176001
  1.64640007  21.4032  14.8176001
  1.64640003  24.696  14.8176001
  4.93920001  1.6464001  14.8176001
  4.93920003  4.9392001  14.8176001
  4.93920007  8.23200009  14.8176
  4.93920002  11.5248001  14.8176
  4.93920001  14.8176  14.8176001
  4.93920007  18.1104  14.8176001
  4.93920003  21.4032  14.8176
  4.93920009  24.6960001  14.8176001
  8.23200002  1.64640003  14.8176
  8.23200007  4.93920007  14.8176001
  8.23200005  8.232  14.8176
  8.23200005  11.5248  14.8176
  8.23200009  14.8176  14.8176
  8.23200009  18.1104001  14.8176001
  8.23200009  21.4032  14.8176001
  8.23200008  24.696  14.8176
  11.5248  1.64640004  14.8176
  11.5248  4.93920008  14.8176
  11.5248001  8.23200002  14.8176
  11.5248  11.5248  14.8176001
  11.5248001  14.8176  14.8176
  11.5248001  18.1104  14.8176
  11.5248001  21.4032  14.8176
  11.5248  24.6960001  14.8176001
  14.8176001  1.64640007  14.8176
  14.8176001  4.93920002  14.8176
  14.8176  8.23200002  14.8176001
  14.8176  11.5248001  14.8176
  14.8176  14.8176001  14.8176
  14.8176001  18.1104001  14.8176
  14.8176001  21.4032001  14.8176001
  14.8176  24.696  14.8176
  18.1104  1.64640001  14.8176
  18.1104  4.93920004  14.8176
  18.1104001  8.23200001  14.8176001
  18.1104  11.5248  14.8176001
  18.1104  14.8176  14.8176001
  18.1104001  18.1104  14.8176
  18.1104  21.4032001  14.8176
  18.1104  24.696  14.8176001
  21.4032001  1.64640005  14.8176
  21.4032  4.93920002  14.8176
  21.4032  8.232  14.8176001
  21.4032  11.5248001  14.8176
  21.4032001  14.8176001  14.8176001
  21.4032  18.1104001  14.8176
  21.4032001  21.4032001  14.8176001
  21.4032001  24.696  14.8176
  24.696  1.64640002  14.8176001
  24.696  4.93920006  14.8176
  24.6960001  8.23200003  14.8176
  24.6960001  11.5248  14.8176
  24.696  14.8176  14.8176001
  24.6960001  18.1104001  14.8176001
  24.696  21.4032001  14.8176
  24.6960001  24.696  14.8176001
  1.64640003  1.64640003  18.1104001
  1.64640006  4.93920005  18.1104001
  1.64640005  8.23200007  18.1104
  1.64640002  11.5248  18.1104001
  1.64640003  14.8176001  18.1104
  1.64640003  18.1104  18.1104
  1.64640008  21.4032001  18.1104
  1.64640006  24.6960001  18.1104001
  4.93920009  1.6464001  18.1104001
  4.93920006  4.93920007  18.1104001
  4.93920004  8.23200001  18.1104001
  4.93920004  11.5248  18.1104001
  4.93920007  14.8176  18.1104001
  4.93920004  18.1104001  18.1104001
  4.93920001  21.4032  18.1104001
  4.93920007  24.6960001  18.1104001
  8.23200002  1.64640006  18.1104001
  8.23200007  4.93920006  18.1104001
  8.23200006  8.23200004  18.1104001
  8.23200008  11.5248  18.1104
  8.23200001  14.8176001  18.1104
  8.23200007  18.1104  18.1104001
  8.23200005  21.4032  18.1104001
  8.23200004  24.6960001  18.1104001
  11.5248  1.6464001  18.1104
  11.5248  4.93920001  18.1104
  11.5248001  8.232  18.1104001
  11.5248001  11.5248  18.1104
  11.5248001  14.8176  18.1104
  11.5248  18.1104  18.1104001
  11.5248001  21.4032  18.1104001
  11.5248  24.696  18.1104
  14.8176  1.64640006  18.1104
  14.8176001  4.93920003  18.1104001
  14.8176  8.2320001  18.1104
  14.8176  11.5248001  18.1104001
  14.8176  14.8176001  18.1104001
  14.8176001  18.1104001  18.1104001
  14.8176  21.4032  18.1104001
  14.8176  24.6960001  18.1104001
  18.1104  1.6464  18.1104
  18.1104  4.93920009  18.1104001
  18.1104001  8.23200007  18.1104001
  18.1104001  11.5248001  18.1104001
  18.1104  14.8176001  18.1104001
  18.1104001  18.1104  18.1104001
  18.1104001  21.4032  18.1104
  18.1104  24.6960001  18.1104001
  21.4032001  1.64640002  18.1104001
  21.4032  4.9392  18.1104001
  21.4032001  8.23200002  18.1104001
  21.4032  11.5248  18.1104001
  21.4032  14.8176  18.1104001
  21.4032  18.1104001  18.1104001
  21.4032  21.4032  18.1104001
  21.4032001  24.6960001  18.1104
  24.6960001  1.64640001  18.1104
  24.6960001  4.93920009  18.1104001
  24.6960001  8.23200003  18.1104
  24.6960001  11.5248  18.1104
  24.6960001  14.8176001  18.1104001
  24.6960001  18.1104001  18.1104
  24.6960001  21.4032001  18.1104001
  24.6960001  24.6960001  18.1104001
  1.64640009  1.64640005  21.4032
  1.64640005  4.93920001  21.4032001
  1.6464  8.23200007  21.4032001
  1.64640007  11.5248  21.4032001
  1.64640004  14.8176  21.4032001
  1.64640006  18.1104001  21.4032001
  1.64640002  21.4032001  21.4032
  1.64640007  24.696  21.4032001
  4.93920001  1.64640009  21.4032001
  4.93920009  4.93920009  21.4032
  4.93920008  8.23200009  21.4032
  4.9392001  11.5248  21.4032001
  4.93920008  14.8176  21.4032001
  4.93920005  18.1104  21.4032001
  4.9392  21.4032001  21.4032001
  4.93920008  24.6960001  21.4032001
  8.23200002  1.64640004  21.4032
  8.23200002  4.93920009  21.4032
  8.2320001  8.23200001  21.4032001
  8.23200004  11.5248  21.4032001
  8.23200004  14.8176001  21.4032
  8.23200002  18.1104  21.4032001
  8.23200003  21.4032  21.4032001
  8.23200002  24.696  21.4032001
  11.5248  1.64640003  21.4032
  11.5248001  4.93920006  21.4032001
  11.5248  8.23200009  21.4032001
  11.5248001  11.5248001  21.4032
  11.5248  14.8176  21.4032
  11.5248  18.1104001  21.4032001
  11.5248001  21.4032001  21.4032001
  11.5248001  24.696  21.4032
  14.8176001  1.6464001  21.4032001
  14.8176  4.93920008  21.4032
  14.8176  8.23200009  21.4032
  14.8176  11.5248  21.4032
  14.8176  14.8176  21.4032001
  14.8176  18.1104001  21.4032001
  14.8176  21.4032  21.4032001
  14.8176001  24.6960001  21.4032
  18.1104  1.64640008  21.4032001
  18.1104  4.93920004  21.4032001
  18.1104001  8.23200003  21.4032001
  18.1104001  11.5248001  21.4032001
  18.1104001  14.8176001  21.4032
  18.1104001  18.1104  21.4032
  18.1104001  21.4032001  21.4032001
  18.1104  24.696  21.4032001
  21.4032001  1.64640002  21.4032001
  21.4032001  4.93920008  21.4032
  21.4032001  8.23200001  21.4032001
  21.4032  11.5248  21.4032
  21.4032001  14.8176001  21.4032
  21.4032001  18.1104  21.4032
  21.4032  21.4032  21.4032001
  21.4032001  24.6960001  21.4032001
  24.6960001  1.64640006  21.4032001
  24.6960001  4.93920008  21.4032001
  24.6960001  8.23200004  21.4032001
  24.6960001  11.5248  21.4032001
  24.6960001  14.8176  21.4032001
  24.6960001  18.1104001  21.4032001
  24.696  21.4032  21.4032
  24.696  24.6960001  21.4032
  1.6464001  1.6464  24.6960001
  1.64640006  4.93920008  24.6960001
  1.64640004  8.23200004  24.696
  1.64640004  11.5248  24.6960001
  1.6464  14.8176001  24.6960001
  1.64640001  18.1104  24.6960001
  1.64640007  21.4032001  24.6960001
  1.64640003  24.6960001  24.6960001
  4.93920002  1.6464001  24.6960001
  4.93920001  4.93920001  24.6960001
  4.93920004  8.23200001  24.6960001
  4.93920007  11.5248  24.6960001
  4.93920004  14.8176001  24.6960001
  4.93920004  18.1104001  24.696
  4.93920001  21.4032  24.6960001
  4.93920005  24.696  24.696
  8.23200005  1.64640005  24.6960001
  8.23200006  4.9392001  24.696
  8.23200008  8.23200006  24.696
  8.23200006  11.5248001  24.696
  8.23200006  14.8176  24.6960001
  8.23200001  18.1104  24.6960001
  8.23200008  21.4032001  24.6960001
  8.23200002  24.6960001  24.696
  11.5248001  1.64640005  24.6960001
  11.5248001  4.93920002  24.6960001
  11.5248001  8.23200004  24.6960001
  11.5248001  11.5248001  24.6960001
  11.5248001  14.8176  24.6960001
  11.5248  18.1104  24.696
  11.5248  21.4032  24.696
  11.5248  24.6960001  24.6960001
  14.8176  1.64640002  24.6960001
  14.8176  4.9392  24.6960001
  14.8176001  8.232  24.6960001
  14.8176001  11.5248001  24.6960001
  14.8176  14.8176001  24.6960001
  14.8176001  18.1104  24.696
  14.8176001  21.4032  24.696
  14.8176001  24.6960001  24.6960001
  18.1104001  1.64640004  24.696
  18.1104001  4.93920005  24.696
  18.1104  8.23200003  24.6960001
  18.1104001  11.5248001  24.696
  18.1104001  14.8176  24.696
  18.1104001  18.1104001  24.696
  18.1104001  21.4032001  24.6960001
  18.1104001  24.6960001  24.6960001
  21.4032001  1.64640009  24.696
  21.4032001  4.9392001  24.6960001
  21.4032001  8.23200007  24.696
  21.4032  11.5248  24.696
  21.4032001  14.8176  24.696
  21.4032001  18.1104  24.696
  21.4032  21.4032  24.696
  21.4032  24.696  24.696
  24.6960001  1.64640001  24.696
  24.696  4.93920007  24.696
  24.696  8.23200004  24.696
  24.6960001  11.5248  24.696
  24.696  14.8176001  24.696
  24.6960001  18.1104001  24.696
  24.696  21.4032001  24.696
  24.696  24.6960001  24.696
