7.23 5.4225 5.4225 
5.4225 7.23 5.4225 
9.0375 7.23 5.4225 
7.23 9.0375 5.4225 
5.4225 5.4225 7.23 
9.0375 5.4225 7.23 
7.23 5.4225 9.0375 
5.4225 9.0375 7.23 
5.4225 7.23 9.0375 
7.23 7.23 7.23 
9.0375 9.0375 7.23 
9.0375 7.23 9.0375 
7.23 9.0375 9.0375 
6.12 4.08 2.04 
4.08 6.12 2.04 
10.2 4.08 2.04 
8.16 6.12 2.04 
6.12 8.16 2.04 
4.08 10.2 2.04 
10.2 8.16 2.04 
8.16 10.2 2.04 
6.12 2.04 4.08 
4.08 2.04 6.12 
10.2 2.04 4.08 
8.16 2.04 6.12 
2.04 6.12 4.08 
2.04 4.08 6.12 
4.08 4.08 4.08 
6.12 6.12 4.08 
6.12 4.08 6.12 
4.08 6.12 6.12 
8.16 4.08 4.08 
10.2 6.12 4.08 
10.2 4.08 6.12 
12.24 4.08 4.08 
12.24 6.12 6.12 
2.04 10.2 4.08 
2.04 8.16 6.12 
4.08 8.16 4.08 
6.12 10.2 4.08 
4.08 10.2 6.12 
8.16 8.16 4.08 
10.2 10.2 4.08 
10.2 8.16 6.12 
8.16 10.2 6.12 
12.24 8.16 4.08 
12.24 10.2 6.12 
4.08 12.24 4.08 
6.12 12.24 6.12 
8.16 12.24 4.08 
10.2 12.24 6.12 
6.12 2.04 8.16 
4.08 2.04 10.2 
10.2 2.04 8.16 
8.16 2.04 10.2 
2.04 6.12 8.16 
2.04 4.08 10.2 
4.08 4.08 8.16 
6.12 4.08 10.2 
4.08 6.12 10.2 
8.16 4.08 8.16 
10.2 6.12 8.16 
10.2 4.08 10.2 
8.16 6.12 10.2 
12.24 4.08 8.16 
12.24 6.12 10.2 
2.04 10.2 8.16 
2.04 8.16 10.2 
4.08 8.16 8.16 
6.12 10.2 8.16 
6.12 8.16 10.2 
4.08 10.2 10.2 
10.2 10.2 8.16 
10.2 8.16 10.2 
8.16 10.2 10.2 
12.24 8.16 8.16 
12.24 10.2 10.2 
4.08 12.24 8.16 
6.12 12.24 10.2 
8.16 12.24 8.16 
10.2 12.24 10.2 
4.08 4.08 12.24 
6.12 6.12 12.24 
8.16 4.08 12.24 
10.2 6.12 12.24 
4.08 8.16 12.24 
6.12 10.2 12.24 
8.16 8.16 12.24 
10.2 10.2 12.24 
