  3.5788083  5.87739284  5.50233376
  3.15455113  5.95422624  6.49495657
  4.95544465  5.68685725  5.34291157
  5.59618865  5.61628744  6.21220127
  5.50287486  5.58037512  4.06001304
  6.56712488  5.42742801  3.93681956
  4.67366871  5.66442858  2.9365367
  5.09642359  5.57650738  1.94419315
  3.29703235  5.85496416  3.09595889
  2.65478607  5.91444618  2.22694845
  2.74960214  5.96144629  4.37885742
  1.68384984  6.10330561  4.50233016
  4.76586792  2.12048884  3.47450474
  5.62610856  1.99335881  2.83028308
  4.92833786  2.13346758  4.86385062
  5.91426941  2.01637825  5.29446254
  3.81734895  2.30496387  5.69640065
  3.94379099  2.32054846  6.7710946
  2.54389008  2.46348142  5.1396048
  1.68515172  2.60169924  5.7835472
  2.38142013  2.45050267  3.75025892
  1.39699087  2.5786798  3.31936775
  3.49240905  2.27900638  2.91770889
  3.36746929  2.27450959  1.84273569
