 4
 50000 1
  0.5
  0.482184657
  0.190876877
  0.5
  0.5
  0.05
  0.5
  0.5
  0.05
  0.5
  0.5
  0.05
  0.5
  0.5
  0.05
  467.748613
  1.  1.  1.
  1.  1.  1.
  1.  1.  1.
  28.6860836  0.  0.
  0.  28.6860836  0.
  0.  0.  28.6860836
 216
 5
 4 1 2 3 3
 1 1 1 1 1 1 1 1 1 1 1 1 1 1 1 1 1 1 1 1 1 1 1 1 1 1 1 1 1 1 1 1 1 1 1 1 1 1 1 1
 1 1 1 1 1 1 1 1 1 1 1 1 1 1 1 1 1 1 1 1 1 1 1 1 1 1 1 1 1 1 1 1 1 1 1 1 1 1 1 1
 1 1 1 1 1 1 1 1 1 1 1 1 1 1 1 1 1 1 1 1 1 1 1 1 1 1 1 1 1 1 1 1 1 1 1 1 1 1 1 1
 1 1 1 1 1 1 1 1 1 1 1 1 1 1 1 1 1 1 1 1 1 1 1 1 1 1 1 1 1 1 1 1 1 1 1 1 1 1 1 1
 1 1 1 1 1 1 1 1 1 1 1 1 1 1 1 1 1 1 1 1 1 1 1 1 1 1 1 1 1 1 1 1 1 1 1 1 1 1 1 1
 1 1 1 1 1 1 1 1 1 1 1 1 1 1 1 1
 1 1 1 1 1 1 1 1 1 1 1 1 1 1 1 1 1 1 1 1 1 1 1 1 1 1 1 1 1 1 1 1 1 1 1 1 1 1 1 1
 1 1 1 1 1 1 1 1 1 1 1 1 1 1 1 1 1 1 1 1 1 1 1 1 1 1 1 1 1 1 1 1 1 1 1 1 1 1 1 1
 1 1 1 1 1 1 1 1 1 1 1 1 1 1 1 1 1 1 1 1 1 1 1 1 1 1 1 1 1 1 1 1 1 1 1 1 1 1 1 1
 1 1 1 1 1 1 1 1 1 1 1 1 1 1 1 1 1 1 1 1 1 1 1 1 1 1 1 1 1 1 1 1 1 1 1 1 1 1 1 1
 1 1 1 1 1 1 1 1 1 1 1 1 1 1 1 1 1 1 1 1 1 1 1 1 1 1 1 1 1 1 1 1 1 1 1 1 1 1 1 1
 1 1 1 1 1 1 1 1 1 1 1 1 1 1 1 1
  17.6616282  7.87010483  27.1212326
  18.9358946  7.05104092  26.8437812
  19.9147856  7.07295355  27.8859867
  20.6460968  6.59300208  27.5284179
  21.5748596  0.824330115  14.8580013
  22.6462109 -0.0531253574  15.5317062
  22.0829327 -0.178220905  16.8401284
  21.6347032  0.623879658  17.0609225
  24.190095  0.284966276  21.2557463
  23.3478392  0.599332858  20.0053948
  23.0901648  2.00510726  19.957413
  23.2841905  2.27935415  19.074142
  25.6302161  6.47798046  11.4776488
  24.8329772  7.6686789  12.041783
  25.8716247  8.6414239  12.182774
  26.0245607  9.02296769  11.3318569
  15.8535987  5.55403889  8.96267279
  15.888763  4.92068737  7.55938048
  16.3302234  3.5655343  7.67588325
  16.1191667  3.20077927  6.83005003
  7.15299766  24.239826  12.6927147
  5.76983659  24.1026247  12.0296602
  5.49772  22.7487803  12.4010868
  4.61245215  22.6182187  12.0973114
  0.672013686  3.31108209  21.8672557
  0.376120607  2.19795328  20.8450075
  1.4480632  1.95547531  19.9301067
  1.71352605  1.05294344  20.0194973
  1.58141465  5.35480448  18.2290315
  2.72873198  4.41109002  17.823241
  2.18118036  3.17037884  17.369674
  1.86614694  2.71231646  18.1338453
  0.652800144  25.0244424  15.068284
  0.106003115  24.3676881  13.7871569
  0.283185483  22.9487092  13.7848432
 -0.475343084  22.6215458  14.2437806
  26.3100688  25.6945336  10.8941605
  27.3898258  26.4919096  10.1392324
  26.9741971  26.4021438  8.7739138
  27.2312802  25.5531541  8.44810736
  7.81241464  13.7525599  28.8669741
  6.52330067  13.3547925  28.124299
  5.36334605  13.9373969  28.7242802
  5.62294992  14.1393921  29.6101858
  2.87367814  3.73423335  24.4055921
  3.00475196  2.21119282  24.2191324
  4.27808278  1.88744459  23.6545833
  4.7262443  1.46123746  24.3690928
  15.2268199  11.0526564  28.858204
  14.5444563  11.7445852  27.6635432
  14.7736206  13.1297672  27.9349369
  15.697152  13.329677  27.9472206
  15.8431518  3.79742091  26.7656336
  14.6851483  2.85672259  26.3839081
  13.8089523  3.55202736  25.4929917
  12.9620112  3.13497129  25.5351813
  2.35122645  21.8533403  9.90728635
  2.03591366  21.5825366  11.390136
  2.86613863  22.4477622  12.1692452
  2.43624323  22.5050165  13.0088504
  18.0443686  23.6478881  25.9883675
  16.827007  23.5377169  26.9251135
  15.5442551  23.374479  26.3145394
  14.9255973  22.8894699  26.838995
  6.36623303  2.45450246  14.297982
  5.40233278  2.18601399  15.4686272
  4.00616597  2.32679371  15.1933104
  3.68846926  2.83897302  15.9211608
  13.1389113  6.61731554  25.6164374
  14.2701966  7.24108102  24.7781593
  14.3435162  8.66298984  24.9111989
  13.5182255  9.09207036  24.744435
  8.67626527  8.75619836  22.7125491
  8.49985289  8.44204138  21.2152902
  9.82065833  8.35100976  20.6748402
  9.88625348  8.1413263  19.7557346
  4.44071483  10.4504144  16.0715464
  3.89278305  11.8237815  16.5019341
  4.78607138  12.8911832  16.1739257
  4.79521219  13.5959809  16.8033712
  23.4603694  25.5657766  20.3346197
  22.8781998  24.1439545  20.2292597
  21.4860775  24.1275297  20.5557955
  20.9927227  23.7152618  19.8632197
 -0.561950524  4.49230442  13.5056887
  0.84480792  3.87108325  13.5876334
  0.646895073  2.51599096  13.1759838
  1.49047727  2.11447091  13.0339425
  6.4159733  25.3296619  2.48943978
  6.59730438  23.9090693  3.05568682
  7.53370773  23.7747181  4.12806667
  7.1201378  24.2093333  4.85819991
  4.3523309  9.29077786  20.8073647
  5.26005613  10.5326656  20.7342235
  5.63877107  11.0902563  21.9954006
  5.61493289  10.480862  22.7172698
  8.04353023  24.7688421  23.7606304
  6.93555178  25.4120915  24.615156
  6.92625507  26.8418869  24.5928272
  7.55816175  27.0090963  23.9103611
  6.41155372  6.39870382  3.47910505
  7.56869685  5.44205662  3.13640121
  8.034397  4.56495129  4.16533736
  7.27092194  4.12472322  4.50640931
  3.62533995  10.2767444  2.37179664
  3.63777718  9.89661478  3.86409245
  5.00987966  9.88709029  4.26676363
  4.98921358  9.92577433  5.21074534
  5.88619658  13.7043038  10.9556351
  5.61881736  13.1774889  12.3778075
  6.79392464  12.6594493  13.0068209
  6.76524988  12.7356871  13.9483041
  5.43459543  4.29147061  27.1712532
  4.36010248  5.21388767  27.7764074
  4.94516338  6.08653809  28.7465028
  4.93481556  6.96073271  28.3877526
  3.9402526  15.7909346  22.8794422
  3.91936912  14.3298912  22.3931128
  5.26753012  13.915967  22.1564091
  5.2924926  13.0443817  21.7920728
  4.62870253  20.6033213  21.7755471
  5.95387262  21.3472145  22.0248403
  6.11569877  21.9265195  23.3221907
  6.68574004  21.3972152  23.8587677
  1.22243061  22.7099183  24.9947123
  2.27204204  22.7717684  23.8695055
  1.80299043  23.2918127  22.6227318
  1.15603727  22.7116317  22.2514279
  15.402039  22.2431682  13.5452685
  15.1571367  20.7228045  13.5560918
  16.2551668  20.1299991  12.8576565
  15.9047744  19.8235086  12.0352736
  19.0581972  5.2740632  3.16599965
  18.9476534  6.73483908  2.69111663
  18.6995045  7.64064189  3.7694688
  17.7869292  7.86532869  3.86819704
  3.96360092  17.2352101  16.9386547
  4.96267675  16.0640513  16.8958231
  4.60524166  15.0646845  17.8541582
  5.40028898  14.805184  18.2941402
  21.9658702  1.36227336  1.10627048
  21.0997986  2.35225431  0.305359884
  20.6457791  3.36318145  1.20912569
  20.9973809  3.35823157  2.08626688
  12.4890943  12.1157813  24.1091616
  11.7245175  11.1990473  23.136217
  11.9382688  9.91272141  23.7232231
  11.8949709  9.17504577  23.1341688
  20.4548686  23.5257106  1.83100396
  19.4937013  22.5567891  1.11759769
  20.1933868  21.6946209  0.216483763
  20.5439087  22.2342015 -0.475623247
  20.7402648  16.4160448  2.63586323
  19.7159102  17.1805193  1.77686583
  18.6207394  17.7102598  2.52844808
  17.8376185  17.4277333  2.08131795
  0.353683012  4.92116872  2.68084473
  1.24564083  3.71464375  3.02770024
  0.415130873  2.57298347  2.800181
  0.82280202  1.82742082  3.21366084
  12.3387263  25.3301758  4.69097166
  10.9945204  24.9157999  4.06407209
  9.91595695  24.8272255  4.99882094
  9.21333299  24.3900574  4.54250015
  11.2508009  4.40175503  4.8319879
  11.1475992  5.88571002  4.43345686
  12.4515382  6.42992629  4.65361951
  13.0604273  6.26655204  3.94963941
  18.7629402  10.559183  22.3817672
  18.0537549  9.82236224  23.53318
  18.1434815  10.4527297  24.8136042
  17.4659598  10.0950233  25.3668089
  9.71657179  10.1511628  3.44965045
  8.27763377  10.6973754  3.50169983
  7.4289186  9.72349837  2.88839237
  6.51730889  9.92519911  3.03437026
  21.9236195  12.993798  21.1760075
  23.1509107  12.7077604  20.2908303
  24.3459245  12.4410951  21.0295669
  25.0941103  12.5181571  20.4574616
  15.1778671  14.0145173  8.46330344
  14.4069148  14.1237148  9.79195258
  13.5549039  15.2714131  9.74992968
  12.83895  15.0679213  10.3321892
  18.4786088  24.732658  4.45962042
  17.7389098  24.8029797  5.80850893
  18.3375349  25.819687  6.61650297
  18.7842058  26.3743451  5.99532303
  23.3702448  25.6249368  2.24221113
  23.0649154  26.6834953  1.16618702
  23.3020887  26.2489597 -0.175389528
  23.3316193  27.0251209 -0.713652265
  14.4232506  26.5067028 -0.0713702295
  13.1300973  26.3350124  0.747089935
  12.3793085  25.1785372  0.367904677
  11.5163281  25.2810175  0.739102244
  26.6177304  28.1837245  3.52795298
  26.898768  27.1631481  4.64645271
  26.825237  27.9350747  5.84796118
  26.8521632  27.3556428  6.59398978
  19.9248452  2.73209034  5.78529489
  21.3081292  2.13311605  6.10050157
  22.0897099  1.71900299  4.97687267
  22.9896206  1.56142678  5.21844131
  21.5815374  9.95534584  17.1219317
  20.0861507  9.79223056  16.7920652
  20.1105092  9.52840706  15.3868236
  20.1831928  10.2758135  14.8131288
  10.4855675  22.8599749  16.0203337
  11.3737572  22.225208  14.9341522
  11.7798195  21.0237126  15.5947747
  11.0624971  20.4131532  15.5193373
  18.2875802  13.562014  13.0316566
  18.9672942  12.5677953  13.9914055
  19.9497178  11.7791542  13.3148042
  19.63794  11.4919879  12.4702007
  10.1467405  0.416975211  20.4594182
  10.1911892  0.790911212  21.9526684
  11.4905748  1.24949937  22.3350217
  11.7891135  1.86602988  21.6840303
  23.9620216  19.3898411  2.57857402
  23.567707  20.5291118  1.62035782
  23.7118136  20.1681554  0.24418787
  22.9856204  19.5977277  0.0434875015
  9.72606549  4.13599961  19.3107703
  9.5631019  3.84086874  17.8081258
  9.14633221  4.8954079  16.9368335
  9.88957006  5.24193036  16.4672117
  14.5879038  9.235307  21.0288419
  13.6328302  8.02859916  20.9714775
  12.3655909  8.4198505  21.5061988
  11.6551324  7.97207339  21.0728751
  22.4976495  2.97200616  11.2557408
  22.0678691  3.42969406  9.84953646
  22.2498797  4.84593726  9.92717234
  21.4842055  5.24383209  10.3124614
  5.37740697  19.193487  11.715291
  6.782249  19.6615622  11.2922964
  7.25387902  20.6091669  12.2538111
  6.63078063  21.3177583  12.202124
  25.8538688  3.80543037  19.5374195
  26.7025513  3.64760759  18.2621039
  25.8982706  3.40172921  17.1055675
  26.3232883  2.75081435  16.5682642
  25.9673789  11.3331485  10.1000229
  25.8350249  10.2435593  9.01980166
  27.163066  9.73702659  8.86285775
  27.0438303  9.05564714  8.2190178
  9.7603633  15.4080499  3.78320063
  10.2813173  14.5049092  2.64982342
  11.671393  14.4414591  2.97931336
  12.1542776  14.34432  2.17283244
  4.24550898  19.5362418  7.50181626
  5.48075398  19.5105061  6.58251899
  5.96475238  20.8232376  6.2869155
  5.46883804  21.1432254  5.54887635
  11.9365092  15.701922  22.8142772
  12.2763976  17.2004317  22.916963
  13.6664818  17.2233006  23.2516911
  13.7564143  18.086203  23.6263065
  9.03688536  23.3749677  0.00607413239
  8.61883011  24.8197377 -0.324787284
  9.32089045  25.4202385  0.766730072
  8.96889951  26.2875114  0.896979893
  21.2340586  25.3186789  14.084956
  21.476255  24.1874734  15.101477
  20.6904139  24.3394348  16.2864924
  20.7197994  25.249847  16.5381094
  20.8275155  20.8512294  11.9976074
  19.2916612  20.9357079  12.0725406
  18.708555  19.6808426  11.7117076
  17.8912975  19.678839  12.1861664
  24.6507988  7.22363379  16.871969
  25.9744729  7.93477144  17.2092672
  25.818366  9.29939339  17.6071837
  25.4657444  9.70670346  16.8307936
  29.364225  19.5439188  18.424392
  28.6487638  18.6409801  19.4463592
  28.1274895  19.3691335  20.5612429
  27.921003  18.7025099  21.1984252
  10.3332194  21.5482782  9.91011104
  11.5647343  20.8950117  9.25573048
  11.1793493  19.7465891  8.4957937
  11.9578381  19.2531498  8.28723228
  24.1388292  28.7998049  25.2933455
  24.8810336  28.083296  26.4367384
  24.6485545  28.7039458  27.7038798
  25.3874674  29.2671789  27.8765104
  28.6542732  15.3199725  24.0191162
  28.8595332  16.666401  23.3003681
  27.9335277  16.9326198  22.2437029
  27.0827833  16.873672  22.6508688
  12.5675952  16.7836167  26.8668282
  11.9815524  15.4777914  27.4351363
  12.6504447  14.9680709  28.5917123
  13.0600739  14.1728606  28.2869673
  15.2530012  19.9044693  17.6691029
  14.1254647  19.0179626  17.1084181
  12.8432256  19.3309244  17.658707
  12.365076  19.6437494  16.9060194
  17.4188721  19.4588577  5.43750085
  18.3420026  20.2757155  4.5143684
  19.5515316  19.5328254  4.34100852
  19.2897298  18.7882852  3.82125398
  8.37653623  8.84413427  26.6782914
  8.5922211  9.56359303  28.0227092
  7.4012014  9.75120233  28.7915881
  7.66473146  9.81666582  29.6967353
  28.615744  12.3142384  18.7502829
  27.4262535  12.1553727  19.715412
  26.1697769  11.7002432  19.2064682
  26.3051317  10.8230501  18.8820667
  10.3338744  7.95316976  7.80475601
  11.7487208  7.47845591  8.18483015
  12.4249425  7.99196726  7.03420841
  12.2453864  7.41856964  6.30482524
  19.3308879  12.7548169  27.2905724
  18.7222952  14.0869307  27.7666898
  17.2971801  14.097139  27.8843442
  17.0160626  14.6672926  27.1851141
  21.2421929  7.62973548  8.46028848
  22.1409433  7.00674211  7.37597899
  23.2828315  6.48565987  8.06115385
  23.0294356  5.70542992  8.53025592
  10.2528898  16.480668  12.1585329
  9.88171636  15.3868387  11.1400204
  11.0192746  14.8461923  10.4628478
  10.6682179  14.052218  10.0894995
  16.6144452  17.6689204  9.40689226
  16.421593  19.1772302  9.16315119
  15.2568016  19.7031376  9.80469784
  14.4944446  19.3370698  9.38299735
  16.4942952  19.4573992  28.5511496
  15.6741828  18.1598984  28.4266215
  15.3754424  17.8626112  27.060139
  15.6930036  16.9789013  26.9541357
  8.47092664  0.507124336  26.1104632
  7.21299385  1.37599976  25.9253671
  6.12939202  0.695030786  25.2874107
  6.15252233 -0.229081349  25.4836421
  8.57841463  27.1562953  16.0467035
  9.85837901  27.1336243  15.1906794
  9.2898145  27.2997201  13.889124
  9.92036759  27.1916063  13.1936103
  2.5379308  8.35860433  11.9658154
  1.16052876  8.30692361  11.2790165
  1.06726149  9.12650186  10.1109015
  0.176805404  9.24683747  9.81827156
  22.0577005  27.273678  5.94430124
  21.039499  27.3531087  4.79167094
  19.84307  28.0314701  5.1831851
  19.969792  28.9319729  4.92616111
  27.5633993  26.3173667  0.805062227
  28.9536749  25.809488  1.23025984
  28.897306  25.3784072  2.59257107
  28.1606015  25.7714624  3.03506296
  12.8791887  6.93569887  0.635068156
  13.806447  5.73196195  0.885686405
  14.2132896  5.87633435  2.24896762
  14.6867229  5.08384731  2.45108192
  4.02557924  23.621807  17.9139082
  3.40994786  23.0792049  19.217051
  2.6322453  23.9548295  20.0376363
  2.35158888  23.5249731  20.8310344
  15.3705172  14.5613174  20.1165751
  14.419987  15.7271617  19.7865757
  13.5866373  15.551747  18.6378121
  12.9151587  16.2165364  18.6518358
  22.1194293  9.89709528  26.1790741
  22.797092  10.1215663  24.814528
  24.1278969  10.607353  25.0091292
  24.500156  10.7303402  24.1492907
  9.66271545  28.32287  2.18796746
  8.28350887  28.8663556  1.77081934
  7.91348398  27.8894423  0.794283697
  7.20178054  28.1427802  0.226548616
  6.00861099  5.19088559  22.9956398
  5.33543712  6.31798427  23.8006773
  5.75445252  7.66993405  23.5968199
  5.65825707  8.03363297  24.4637077
  27.9445972  23.9662233  20.8637041
  27.8019896  22.4466516  20.6583625
  28.74531  21.8058929  21.5211921
  28.6487559  20.8759895  21.3834171
  16.657197  7.5421407  14.4518027
  16.4106876  9.05801484  14.565639
  15.193877  9.11917966  15.3143252
  14.9864551  10.0263893  15.4785565
  23.103642  14.4762508  14.8844844
  22.8292133  13.6627821  13.6059862
  23.3628391  12.3376783  13.6711268
  22.6816892  11.7100592  13.8586213
  25.5535486  1.19730426  10.1051018
  26.379191  1.90883798  11.1930514
  27.6573614  1.27035585  11.2523903
  28.1960844  1.54477766  11.9786789
  12.9976082  9.52350769  11.8813937
  11.534901  9.16043812  11.5647424
  10.7690286  9.61946836  12.6817163
  10.1192075  10.1980918  12.312999
  12.2836375  20.6695201  28.046149
  12.7928072  21.9436804  28.7453354
  13.3003424  22.8846384  27.795648
  12.9289126  23.6928554  28.1147878
  16.4025199  0.341383278  4.99265078
  15.2228902  1.32715771  5.08387905
  15.6269649  2.6833431  4.87800326
  15.9514001  2.71675949  3.99107028
  18.331589  13.9450988  6.39635354
  18.023027  12.6061242  5.70098564
  18.2822322  11.367367  6.36671321
  19.0242027  10.9992479  5.91174818
  27.7117856  20.3731813  27.2098838
  27.1849967  19.2478136  28.1196315
  25.9002581  18.6570263  27.9067534
  25.2824241  19.3358494  28.1314872
  9.13173794  13.5852786  18.7252757
  7.85996192  13.1075176  19.4504861
  6.72692973  13.9658511  19.2942762
  6.54760278  14.2724454  20.1699855
  4.36213429  27.8640538  22.4336953
  4.15459683  26.3500401  22.2431943
  3.13259315  26.2814834  21.2453424
  3.11685536  25.4626945  20.7737896
  19.7492888  19.5314692  22.7006056
  18.7997325  19.0294916  21.5969927
  18.4105295  17.6535518  21.6115104
  18.4719823  17.2907983  20.7410747
  17.2951541  24.2464233  9.58930874
  16.9802619  25.4735479  10.4648703
  18.2175074  25.9420694  11.0076513
  18.0665656  26.8448089  11.2428174
  17.881988  26.5557888  14.2287865
  17.7123745  26.8329666  15.7341116
  18.7328863  27.7677378  16.0941928
  19.2095862  27.3923806  16.8186851
  23.4659847  16.5134142  8.88194483
  24.1975441  17.8127456  9.26685866
  25.6090173  17.6472075  9.4257318
  25.8768686  18.3494742  9.99853382
  14.0364731  9.36469325  4.076843
  15.4764226  9.31555367  3.53303162
  16.0465225  8.00454091  3.5666706
  15.4331754  7.40108733  3.17593525
  23.2750136  14.069335  2.40604779
  22.6659019  12.9784262  1.50576954
  22.3689129  13.5099494  0.211868256
  21.9639013  12.8618416 -0.343961555
  6.40534886  20.079289  16.9989009
  6.94050203  20.8751826  15.794009
  7.58085313  19.8356358  15.0495676
  7.45494242  20.1246632  14.1587059
  2.31448761  1.26180704  8.38926136
  0.968216417  0.533929036  8.56057243
  0.679617251  0.114319516  7.22433204
 -0.223523788 -0.161680711  7.18990621
  4.2467695  11.6550535  7.13293447
  3.06296434  11.246751  8.02931298
  3.03192932  9.89793161  8.50325713
  2.38983004  9.81587309  9.19173365
  12.938289  8.13252218  17.6873501
  13.0264324  7.03339596  16.6122909
  13.1352438  7.4842872  15.2596058
  13.9444721  7.97230998  15.256707
  19.4563203  26.4528636  19.9925822
  20.1854168  27.4835863  19.1107495
  20.4970092  26.7921871  17.8984058
  21.240682  27.2149216  17.4968198
  13.2282694  1.38771376  2.16385296
  14.4540493  1.75350469  1.30637952
  15.3532319  2.70245946  1.88591001
  16.1939504  2.47951954  1.51643054
  15.4449819  14.0986751  23.9050538
  15.4106431  15.2397439  24.9386798
  16.7074579  15.4225158  25.5129322
  17.3504685  15.6954582  24.8764852
  2.61582523  9.25335945  27.122847
  4.11082407  9.47664219  26.8283588
  4.94700679  8.59778613  27.5855315
  5.76073778  9.01305967  27.827223
  13.8889777  11.3920989  18.379973
  13.5555396  12.1799781  17.0994789
  13.7647579  11.3831349  15.9306467
  12.9494717  11.4653497  15.4599301
  6.66292986  17.4768749  20.805833
  8.15407963  17.861283  20.7884321
  8.4539949  18.9080054  19.8614354
  9.38239428  18.9917519  19.7062383
  0.705611033  17.8961407  8.71545941
  0.99004361  17.7040633  7.21419182
  1.843772  16.5837375  6.9673759
  1.37492548  15.7763793  7.11359724
 -1.03707745  27.3385054  23.242233
  0.466129862  27.0628738  23.0525096
  1.32933468  28.1024314  23.5205881
  2.2271671  27.9423151  23.2730305
  2.84041778  20.8996267  3.72436289
  3.84001271  20.2404139  2.75593714
  5.07997566  20.3415788  3.46103113
  5.5966232  19.611227  3.15658643
  12.0342229  24.7078128  23.9801213
  12.1687317  23.7361771  25.1673161
  11.2311114  23.9803469  26.2190524
  11.2850877  23.3067224  26.879614
  19.2558211  7.29894683  12.0628819
  19.6321539  5.80573306  12.0798006
  19.79695  5.42560424  10.7111355
  19.1198589  4.85725665  10.3771389
  2.54417047  27.4982  17.4357366
  1.5236157  27.3421574  18.5784171
  1.99425913  28.0817481  19.708196
  2.47858323  27.4655897  20.2362149
  5.89740881  18.0127125  0.121532558
  7.10245729  18.5336666  0.92655743
  6.85862851  18.2585288  2.30849329
  7.59691334  18.6697906  2.73136945
  20.4331757  20.2109343  7.83521158
  21.1298314  19.0201665  7.15085578
  21.7058297  19.6078855  5.98136341
  20.9778306  19.6633552  5.3813923
  23.5434489  19.6273132  13.6814311
  24.581684  18.9292843  14.5794419
  25.9267315  19.2990233  14.2647351
  26.4561777  18.6001802  14.6173397
  15.3634604  4.33358684  12.3709342
  14.3647043  5.48560404  12.5875965
  13.5000999  5.16332342  13.6800682
  13.3179104  5.94662057  14.1763318
  25.8515236  3.74140737  0.82196007
  26.6783662  2.49657673  0.450035486
  26.5612962  2.16125339 -0.935155071
  26.5644587  2.96797273 -1.42731247
  17.6531892  6.74373112  18.4954764
  19.1686024  6.92697142  18.2916484
  19.9359241  7.02329897  19.4944944
  19.7997381  6.28173757  20.0642005
  10.0987718  19.8652207  25.3160108
  8.94902976  20.8724681  25.1285386
  7.71401383  20.3050431  24.6839438
  7.62418434  19.4584264  25.0940605
  24.8983155  24.1800825  6.5536801
  23.7533463  23.2000579  6.23714026
  24.201293  21.8808058  6.55934786
  23.5381344  21.3052329  6.21011814
  10.4244845  21.1137524  5.25160101
  9.10497977  20.9010526  4.48657419
  9.15781822  19.679377  3.74521262
  9.19164986  18.9792247  4.3789847
  25.6567445  15.3807528  11.8848001
  26.3580195  14.6301291  10.7374652
  27.2101351  15.3661674  9.85596276
  26.8101325  16.1822082  9.5969254
  11.0558654  13.7453509  14.711858
  11.2120537  12.5302278  13.778755
  11.3404157  11.417657  14.6679172
  11.1084605  10.6518607  14.165147
  6.35274904  8.97455328  12.3737236
  7.57845467  9.23112685  11.477389
  8.13079349  10.5489633  11.5333257
  7.44974294  11.0630402  11.9394293
  0.378483842  15.1138557  1.18087619
  1.33314931  16.233666  0.726741132
  1.55384004  16.1893846 -0.685432638
  1.89488304  15.3331916 -0.894354175
  7.57565766  16.1402208  6.78141201
  8.75555176  17.0425522  7.18791915
  9.05134713  18.139419  6.31942142
  9.23827212  18.7812585  6.98734812
  4.57297507  1.3564366  1.07609753
  4.57739407  0.937338635 -0.405772022
  5.45045887 -0.195068749 -0.423417802
  5.37400956 -0.642173756 -1.25243989
  7.86755054  24.1206806  8.37627524
  6.40555684  24.2904267  7.92310786
  6.18651442  24.1270631  6.51945806
  6.22169527  23.1863241  6.43701199
  17.9197525  22.775332  17.5011845
  19.2386807  22.0522194  17.8315425
  20.2648529  22.9505195  18.2615745
  20.4184603  23.4679649  17.4858941
  18.7711236  1.37140074  8.77841804
  18.2234216  1.88681692  10.1222814
  18.1862132  3.31305627  10.0255505
  17.511403  3.49074025  9.38830293
  13.4229126  3.92946162  21.9636376
  13.7793046  3.80705149  20.4704529
  12.8219152  2.87604509  19.9590503
  13.1716909  2.600673  19.1254723
  15.4961416  25.4988567  18.7788777
  14.9122775  26.1212749  20.0607896
  14.6399474  27.5149322  19.8921018
  14.560987  27.8638733  20.766762
  16.1257539  10.608182  9.41443064
  17.0550438  9.47699133  8.93648925
  18.3065679  10.1001529  8.63606107
  18.1778948  10.6256844  7.86128055
  6.35857444  28.4152444  9.74094016
  7.47866898  28.369774  10.7968382
  7.10080798  27.3985754  11.7760697
  7.70509417  27.5569689  12.4851358
  27.9551186  10.2428416  14.897856
  27.6013729  11.3772607  13.918286
  26.8065296  12.244688  14.7311168
  25.9172864  12.1317866  14.43191
  28.9779629  16.3536164  13.5027231
  28.9872129  17.0428053  14.8798699
  27.6803148  17.5015125  15.2355453
  27.4456438  17.0033855  16.0035453
  14.9464132  26.0111305  7.52287038
  13.5151985  26.2860837  8.02048987
  13.7123144  26.9178199  9.28814702
  13.3643541  27.7842731  9.14251857
  12.8750798  1.39014456  7.81319946
  13.0711422  2.08378063  9.17409202
  13.0102486  1.07895825  10.1897317
  13.1589574  1.50102564  11.0220597
  12.4849687  20.940265  22.0159321
  12.8298117  20.1726658  20.7261745
  11.7892577  19.223295  20.479512
  11.9588196  19.0260169  19.5710214
  19.8596319  17.7695883  15.2806514
  18.8554919  18.7160035  15.9644652
  18.2143782  17.9752654  17.006185
  17.5254739  17.4703835  16.6017963
  16.231011  0.440870171  22.5196243
  14.7713337  0.869808499  22.7582748
  13.9034453 -0.214501955  22.4177744
  13.0179891  0.067026189  22.5902107
  8.39683971  4.35152047  9.22338887
  8.39240763  4.21486683  7.68947031
  8.16668631  5.4861059  7.0747337
  8.06222939  5.29136636  6.15593542
  22.8916284  5.819565  27.2543069
  23.3301241  4.37884328  26.9323713
  24.191615  4.41322432  25.7915158
  25.0011403  4.87365813  25.9518108
  22.3310602  6.30529079  22.4567775
  22.8098595  5.17785559  21.5233745
  21.7108318  4.32874686  21.1827098
  21.9987686  3.46173621  20.9410284
  1.57224643  12.8719816  25.8179074
  2.99447213  13.1956977  26.3119539
  2.72611446  13.8601977  27.5494206
  3.54988637  13.8192509  28.0106669
  27.9883299  6.75381964  7.36349471
  26.6127808  6.30375229  6.83727777
  25.8525844  7.41803491  7.3120152
  25.0747343  7.1363598  7.76877915
  23.5386589  21.3086991  25.592996
  22.6760074  22.1235268  26.5745704
  21.3037448  21.8392527  26.289994
  21.1830714  21.9116719  25.3555325
  17.1562946  19.8063752  24.8181341
  15.7057749  20.2944028  24.6466064
  14.827587  19.1732698  24.7760156
  15.0856196  18.9177307  25.6484512
  11.2261975  12.0053555  7.97940352
  10.0113388  11.3216623  8.63383597
  9.82410687  11.8709095  9.94080642
  9.04277809  11.5309389  10.3494265
  20.0159097  14.1983379  24.2007922
  20.0117392  15.7034672  23.8749572
  18.7276269  16.3305595  23.9270249
  18.6181192  16.6999727  23.064142
  21.5659041  23.6008107  9.48622218
  22.1028526  24.9696081  9.94413048
  22.8621965  25.5150782  8.86211417
  23.7580599  25.2908549  9.06255782
  5.87276491  6.28490865  16.5152177
  5.98733884  6.80968562  17.9585063
  6.14847817  5.68270346  18.8238648
  7.07102504  5.55258757  18.6657442
  9.51984518  5.63067128  12.950093
  9.39870084  6.78912715  13.9575175
  10.3240873  6.73910438  15.0465802
  11.1518701  7.04369723  14.7074285
  6.66654609  8.73484218  7.76825343
  5.64958821  8.07224625  8.71607373
  6.25347512  7.01138747  9.4609222
  6.81904802  6.54871076  8.86168723
  15.7409374  15.4990035  3.94516113
  15.4625956  15.509366  2.43055938
  16.6942676  15.8470749  1.78725786
  17.0543805  15.0692458  1.38935628
  20.1669609  26.942614  24.8428274
  20.9011121  25.7778683  24.1529075
  22.3256938  25.8482237  24.2554592
  22.6956027  25.088204  23.8328926
  27.2236451  12.9464445  6.29781159
  28.3231847  12.8599528  7.37258214
  28.9109646  14.1085254  7.74739025
  28.3783203  14.4095497  8.46759809
  26.7644315  2.8994806  5.49131453
  25.4994903  2.54435247  6.29468719
  24.7622898  1.58532305  5.53199586
  25.3259197  0.888752917  5.2317685
  28.5659873  6.56800162  26.0169387
  27.1895915  6.32468329  25.3704628
  26.1775278  6.13375128  26.3625172
  25.8750311  7.01484616  26.521239
  3.29784766  6.53533319  5.68419444
  2.89206458  5.75129124  6.94602578
  3.90652248  4.79848322  7.27455592
  3.78834398  4.44537042  8.14310079
  8.19007966  9.47467131  16.4069624
  9.26989436  9.42566747  17.5038666
  9.55891943  8.05863959  17.8081679
  9.57075163  7.60148064  16.9811911
  18.5464676  0.117171  1.92657995
  18.0549496  0.765544487  0.619054882
  17.9432852  2.16512816  0.890341838
  18.8059241  2.54492843  0.822290802
  27.1073643  8.97897681  2.94317637
  25.9718756  10.0192895  2.94703666
  24.6972386  9.50805007  2.54849581
  24.3752238  10.2837668  2.11537343
  6.14201378  1.60359968  4.89798189
  5.09783656  2.52901266  5.5498291
  5.8623843  3.67520371  5.93272964
  5.3009765  4.03966017  6.59982616
  21.9970465  10.0539774  4.15281108
  20.6400708  10.751478  3.94374189
  19.8228384  10.0095365  4.85289202
  19.6941291  9.13235044  4.52577798
  9.21094841  28.9892542  7.79846
  9.26041206  27.7820906  6.84352058
  10.2557659  26.8994399  7.36801886
  10.1964936  26.0166538  7.03605424
  25.2337184  14.0042897  25.7152683
  25.1312757  15.1489518  26.7403801
  25.731503  16.2739908  26.093144
  25.7214804  17.0372133  26.650294
  24.7849521  18.7631153  21.9372742
  24.3687009  17.6175534  22.8785621
  25.6001526  17.0910823  23.3798154
  25.425761  16.6516727  24.1980647
  14.6923186  2.2993969  15.6794671
  14.3593024  1.174112  16.6766803
  13.7912276  1.54330631  17.9360002
  13.6448538  0.684842758  18.3029335
  27.7166733  19.4009024  4.42683784
  26.4727365  19.6495018  5.30000416
  26.1201996  21.0285339  5.16256983
  25.6020691  21.2706353  5.91486815
  18.2780756  3.62526162  23.0280471
  18.3097287  5.14514841  22.7819938
  18.9349778  5.31071145  21.5066302
  19.8479378  5.08575586  21.6010977
  21.3184607  17.1132844  27.0251721
  20.5833469  18.4383611  27.2997249
  21.2942276  19.4451626  28.0249142
  20.8560373  20.2774491  28.1160915
  12.1972842  25.445242  13.2303407
  11.8328928  25.9991999  11.8403948
  11.1735403  27.2526523  12.0379075
  10.885824  27.5721491  11.1963815
  0.985314225  0.723523159  28.4139016
  0.634220344  0.109685098  27.0458607
  1.72863938 -0.228377027  26.1897877
  1.46065128 -0.0497469465  25.3013628
  27.1638716  9.83647946  27.6578915
  25.8246  9.09571465  27.8288277
  25.333292  8.6947859  26.5471208
  25.0496169  9.44485851  26.0471762
  20.0035442  15.6352091  10.1319991
  20.6583417  16.8423793  10.8288352
  19.9758499  16.957334  12.0801906
  19.3112027  17.6276555  12.036167
  5.17288844  5.3522046  12.2675346
  4.55470183  4.25769979  11.3778692
  4.39722928  4.73490647  10.0390726
  4.91728301  5.52062386  10.1113035
  4.74646552  14.0612766  4.02643641
  4.67784193  15.2472559  3.04646505
  5.88274785  15.1962594  2.27802437
  6.03387544  16.094696  2.02703211
  3.48709643  25.2590449  27.7431465
  3.65569151  25.5597778  26.242235
  3.99284211  26.9276876  25.9971793
  3.14766137  27.3434172  26.0737521
  10.0329065  4.08700306  23.7979232
  10.2197971  3.56630913  25.2351252
  11.1769151  2.50792618  25.1421158
  11.1508544  2.15721244  24.2649923
  25.8471189 -0.098425839  16.687533
  26.6672662  0.0889290507  15.3976274
  26.8958093  1.46006644  15.0619932
  27.6873811  1.52325554  14.5496982
  1.60149652  24.8417194  7.15194843
  0.648431436  23.6812099  6.81064986
 -0.679272471  23.9112764  7.2893687
 -1.2599147  23.319601  6.83571714
  15.9947136  16.3386382  13.7059846
  15.8296318  15.5550596  15.0214133
  16.1239825  16.4456043  16.1008519
  15.6585578  16.0985057  16.8464574
  20.9947607  3.84603353  18.1412055
  22.3666798  4.22832711  17.5552964
  23.1044246  3.00334792  17.5476405
  24.014351  3.24668654  17.4711864
  18.6257805  3.88040403  14.7448349
  18.4583433  2.3495693  14.755314
  18.1072597  1.97957694  16.0912578
  18.1442397  1.03930584  16.1781355
  22.8194485  6.08012618  3.31136995
  23.6766131  5.17173176  4.21230747
  23.7062362  3.95397375  3.46324945
  22.9912585  3.37746698  3.68567216
  8.28227637  15.7430974  25.1693879
  8.04638605  14.4572161  24.3554684
  7.52919567  14.7415718  23.0529494
  6.69394542  14.3287002  22.8950918
  26.7877163  21.0220463  8.99907143
  26.86984  20.9572653  10.5355151
  26.3489994  19.7763867  11.1512674
  26.4136218  19.7588757  12.0938926
  9.49579688  17.1560395  17.0013652
  9.95025102  17.5583968  15.5860277
  10.0519221  18.9844495  15.6166312
  9.16236851  19.2861557  15.5132258
  24.3813354  8.72755311  21.1640941
  25.7363751  9.45064844  21.2763466
  25.8303815  10.3879952  22.3521923
  25.4640013  11.1818948  21.993704
  18.2867594  14.7169805  17.6545487
  19.2662534  15.356847  18.6559289
  18.9279012  16.6831289  19.0699267
  18.638455  17.1479351  18.2997312
  10.3859053  1.9575452  12.4365725
  11.7007718  1.87451772  13.2339635
  12.4751395  2.94654769  12.6898988
  12.681103  3.54283032  13.3934974
  2.62132265  27.1092621  4.18916467
  2.07245229  28.3258412  3.42086994
  1.56841098  29.2874113  4.35158213
  1.54616013  28.9534943  5.23534077
  25.7464933  15.2742885  19.3530103
  25.7040958  16.2958933  18.2014348
  26.4944653  15.9027715  17.0764143
  26.5713707  14.9611554  17.0547387
  12.3712508  16.5950281  6.93918945
  13.4672539  17.6574247  7.14337203
  13.4636911  17.7963442  8.5666038
  13.4060531  16.8965485  8.84957152
  21.5486798  11.4858145  9.08861892
  20.4105465  12.127651  9.90366406
  19.6462971  11.162775  10.6315631
  19.195979  10.6637095  9.9673551
  3.73602411  27.5445169  12.8562322
  2.82135286  27.8677291  14.0522716
  2.5667899  29.26462  13.882585
  2.97169326  29.7511922  14.5842444
  25.9915071  22.8561192  16.9703986
  25.6174783  22.4689623  15.5275501
  26.7728393  22.074567  14.7829069
  26.4226459  21.3333545  14.3128074
  25.5993921  25.1181246  24.7477755
  25.389687  24.0072065  23.7020774
  24.019587  24.0210568  23.2927679
  23.9870928  24.0806778  22.3502105
  5.71001335  1.48914192  19.1856432
  6.421635  2.31009382  20.2770792
  6.35368042  1.79426639  21.6090718
  5.51703548  1.92302904  22.0291557
