 4
 1000000 1
  0.0902033359
  0.5
  0.05
  0.1
  1.  1.  1.
  1.  1.  1.
  1.  1.  1.
  30.  0.  0.
  0.  30.  0.
  0.  0.  30.
 1
 1
 12
 1
 1
  17.8083974  11.5871053  13.4706934
  18.2865631  11.4603543  12.1234828
  17.4166927  11.0376462  11.109873
  16.1640602  10.5033608  11.4849281
  15.741874  10.5321806  12.8087322
  16.5473846  11.0605965  13.8282271
  18.4254132  12.0214786  14.1887677
  19.3288865  11.740084  12.0454001
  17.7302215  10.893001  10.085103
  15.5735513  10.1109539  10.6118865
  14.8560828  10.1414155  13.1742395
  16.1684649  10.99108  14.7985829
