 1
 10000 1
  0.5  0.5  0.5
  0.689723909  0.688977172  0.690192702
  0.05  0.05  0.05
  0.1
  270.0 270.0 270.0 
 500
 1
 1
 1 1 1 1 1 1 1 1 1 1 1 1 1 1 1 1 1 1 1 1 1 1 1 1 1 1 1 1 1 1 1 1 1 1 1 1 1 1 1 1
 1 1 1 1 1 1 1 1 1 1 1 1 1 1 1 1 1 1 1 1 1 1 1 1 1 1 1 1 1 1 1 1 1 1 1 1 1 1 1 1
 1 1 1 1 1 1 1 1 1 1 1 1 1 1 1 1 1 1 1 1 1 1 1 1 1 1 1 1 1 1 1 1 1 1 1 1 1 1 1 1
 1 1 1 1 1 1 1 1 1 1 1 1 1 1 1 1 1 1 1 1 1 1 1 1 1 1 1 1 1 1 1 1 1 1 1 1 1 1 1 1
 1 1 1 1 1 1 1 1 1 1 1 1 1 1 1 1 1 1 1 1 1 1 1 1 1 1 1 1 1 1 1 1 1 1 1 1 1 1 1 1
 1 1 1 1 1 1 1 1 1 1 1 1 1 1 1 1 1 1 1 1 1 1 1 1 1 1 1 1 1 1 1 1 1 1 1 1 1 1 1 1
 1 1 1 1 1 1 1 1 1 1 1 1 1 1 1 1 1 1 1 1 1 1 1 1 1 1 1 1 1 1 1 1 1 1 1 1 1 1 1 1
 1 1 1 1 1 1 1 1 1 1 1 1 1 1 1 1 1 1 1 1 1 1 1 1 1 1 1 1 1 1 1 1 1 1 1 1 1 1 1 1
 1 1 1 1 1 1 1 1 1 1 1 1 1 1 1 1 1 1 1 1 1 1 1 1 1 1 1 1 1 1 1 1 1 1 1 1 1 1 1 1
 1 1 1 1 1 1 1 1 1 1 1 1 1 1 1 1 1 1 1 1 1 1 1 1 1 1 1 1 1 1 1 1 1 1 1 1 1 1 1 1
 1 1 1 1 1 1 1 1 1 1 1 1 1 1 1 1 1 1 1 1 1 1 1 1 1 1 1 1 1 1 1 1 1 1 1 1 1 1 1 1
 1 1 1 1 1 1 1 1 1 1 1 1 1 1 1 1 1 1 1 1 1 1 1 1 1 1 1 1 1 1 1 1 1 1 1 1 1 1 1 1
 1 1 1 1 1 1 1 1 1 1 1 1 1 1 1 1 1 1 1 1
 1 1 1 1 1 1 1 1 1 1 1 1 1 1 1 1 1 1 1 1 1 1 1 1 1 1 1 1 1 1 1 1 1 1 1 1 1 1 1 1
 1 1 1 1 1 1 1 1 1 1 1 1 1 1 1 1 1 1 1 1 1 1 1 1 1 1 1 1 1 1 1 1 1 1 1 1 1 1 1 1
 1 1 1 1 1 1 1 1 1 1 1 1 1 1 1 1 1 1 1 1 1 1 1 1 1 1 1 1 1 1 1 1 1 1 1 1 1 1 1 1
 1 1 1 1 1 1 1 1 1 1 1 1 1 1 1 1 1 1 1 1 1 1 1 1 1 1 1 1 1 1 1 1 1 1 1 1 1 1 1 1
 1 1 1 1 1 1 1 1 1 1 1 1 1 1 1 1 1 1 1 1 1 1 1 1 1 1 1 1 1 1 1 1 1 1 1 1 1 1 1 1
 1 1 1 1 1 1 1 1 1 1 1 1 1 1 1 1 1 1 1 1 1 1 1 1 1 1 1 1 1 1 1 1 1 1 1 1 1 1 1 1
 1 1 1 1 1 1 1 1 1 1 1 1 1 1 1 1 1 1 1 1 1 1 1 1 1 1 1 1 1 1 1 1 1 1 1 1 1 1 1 1
 1 1 1 1 1 1 1 1 1 1 1 1 1 1 1 1 1 1 1 1 1 1 1 1 1 1 1 1 1 1 1 1 1 1 1 1 1 1 1 1
 1 1 1 1 1 1 1 1 1 1 1 1 1 1 1 1 1 1 1 1 1 1 1 1 1 1 1 1 1 1 1 1 1 1 1 1 1 1 1 1
 1 1 1 1 1 1 1 1 1 1 1 1 1 1 1 1 1 1 1 1 1 1 1 1 1 1 1 1 1 1 1 1 1 1 1 1 1 1 1 1
 1 1 1 1 1 1 1 1 1 1 1 1 1 1 1 1 1 1 1 1 1 1 1 1 1 1 1 1 1 1 1 1 1 1 1 1 1 1 1 1
 1 1 1 1 1 1 1 1 1 1 1 1 1 1 1 1 1 1 1 1 1 1 1 1 1 1 1 1 1 1 1 1 1 1 1 1 1 1 1 1
 1 1 1 1 1 1 1 1 1 1 1 1 1 1 1 1 1 1 1 1
  28.2245669  3.37115594  27.4813205
  1.54845613  2.5323806  31.2984069
  2.60681374  12.3273387  5.20976605
  4.98412537  10.4375659  16.8655347
  29.6642036  20.4573631  30.6503876
  2.19239074  27.7792658  7.94933038
  25.1123602  22.4468459  3.48211422
  30.1004333  31.0486717  0.31065407
  11.0080589  30.6724996  31.658677
  5.99480384  4.93379098  16.7022739
  0.45359592  7.95082614  4.84156028
  9.40905224  12.8423848  0.0370500209
  8.99658801  15.0981429  21.4085477
  11.3913309  31.6906719  7.7307071
  14.6769548  6.52885111  14.6220557
  3.0820607  31.1970554  11.0427066
  11.3967462  25.8325885  31.0571505
  12.0122958  1.58386033  4.25126542
  2.23611387  0.765473378  6.99935746
  3.98798951  23.6556829  24.8444387
  1.37638425  17.1607508  3.96233368
  16.6417778  3.59984769  13.3853937
  7.43709887  28.1135784  0.0401395288
  6.47615861  25.3093477  28.3487915
  9.94911595  7.7540388  8.32037366
  21.4283062  10.111384  5.203439
  6.47720955  2.62398385  7.30721022
  5.83661313  13.537151  3.86722773
  13.6141362  23.9116808  7.08992287
  14.5488268  18.3494361  25.6384649
  15.8464442  21.2256673  3.60139111
  13.0538129  28.5604374  6.37981919
  15.2780588  0.482150132  5.96401708
  16.065795  4.54967964  4.82094238
  14.4847254  13.6891209  3.70311319
  24.9438927  20.8823603  8.58772062
  11.900788  15.844531  31.3622344
  9.82143453  16.7864287  2.90579723
  22.7693924  23.213251  14.9240719
  25.2210648  22.0314082  29.1388945
  0.501257993  0.757623271  2.90922602
  10.7871654  11.8109409  10.0936218
  18.2681168  11.8792242  3.5302913
  20.8324201  6.28403197  26.3707016
  17.8387525  20.8363179  0.302421025
  13.8709977  18.6342189  1.25732852
  21.1990995  29.7448641  26.6365524
  22.1545887  30.43035  3.41198764
  20.9068456  23.5554373  2.78259907
  28.3898356  6.84270047  4.30688646
  25.8566115  12.7748866  4.1652507
  30.2573963  22.7834549  9.91975486
  16.9112464  27.2242424  25.2501448
  16.1625806  30.9620664  26.5254702
  18.747908  31.4179128  30.1490091
  27.390984  13.6912963  8.05560953
  2.56616112  31.4309397  24.7546396
  29.7379794  3.82801242  2.15525837
  0.695328994  2.72267644  26.440066
  24.3188203  12.51863  31.8800963
  4.48145818  23.7417879  31.7387479
  2.50407589  25.8930155  28.241759
  30.334927  26.2890512  8.32712281
  5.01841499  29.2203873  28.7945803
  9.98747189  29.3947999  10.8204744
  0.423153666  2.06175976  17.0316141
  31.4989547  10.5767431  8.85683123
  12.6460189  10.4588401  6.57870726
  8.4487295  22.8307639  1.36892816
  28.4166885  21.7325239  6.85455074
  7.65062441  0.0311714564  2.81268991
  10.2241193  28.1925476  2.84444931
  11.0897065  3.9407267  8.06401618
  8.64248635  4.89516682  28.8056244
  2.03264811  5.9223323  17.1846949
  4.38030725  2.03290794  3.90318599
  5.88212445  11.4652204  21.0840252
  4.02284058  5.69144465  5.83000229
  3.69204985  17.2688682  6.86564149
  7.98554615  25.6406784  9.99983225
  10.5409543  13.0846426  3.93358934
  3.86445382  8.90490289  24.1029057
  9.62405217  11.6739489  19.2269722
  11.3504318  14.9541003  7.38470727
  24.0749636  15.8451188  14.1151004
  11.9042765  21.7115696  3.66517411
  16.6200619  16.9996356  4.55927233
  6.04827971  13.3622702  13.6180183
  17.428354  26.4121042  1.98735133
  19.1243128  14.8477802  10.7279496
  14.7760945  10.6554645  18.1967761
  15.0117685  20.6057075  13.4672353
  19.9384565  9.23317462  9.85780853
  13.1518576  18.2090534  4.92873939
  5.80523938  20.6127306  6.86799492
  14.5194053  28.2346887  30.8150825
  16.3197657  15.4039864  0.73358237
  18.8334037  7.00727257  6.53150222
  15.1405384  18.3704373  17.3615578
  11.2594071  17.4746959  18.56749
  12.3942393  17.977352  14.4342202
  19.5289745  18.0040568  2.20689306
  20.8247952  27.6996365  5.86987262
  24.1202131  24.9110418  0.201310477
  10.6012679  6.86605809  0.0818682907
  22.0397698  5.64500485  30.6960553
  25.1552707  9.02484185  5.34934507
  2.73058335  14.9166882  11.5744308
  10.0401282  17.580068  10.6210282
  20.9486593  17.5576872  7.63389095
  21.1049088  1.94631272  5.18918935
  18.1783575  24.2255589  5.57257193
  16.6840952  3.19059848  21.6119166
  4.46028279  7.62081966  9.65134451
  30.7712722  12.7608131  1.29706021
  18.5600041  18.9352609  26.4857832
  25.9349408  20.2258485  12.0184231
  24.8651124  21.747404  18.6436841
  1.61414553  24.9995269  3.60544182
  26.6437341  31.209646  2.70171447
  7.86021432  5.38043796  10.5294751
  31.1310527  14.6600883  25.862814
  26.2109244  6.81457237  0.487541251
  4.53922205  13.4764003  8.34741724
  2.6502299  13.7742258  1.63079151
  5.0747153  16.8247718  1.70789651
  28.4702797  24.9480426  4.62544473
  24.5845071  2.72361499  2.64810992
  28.4708388  0.673438825  5.60217664
  30.9291066  6.74779864  13.0626452
  7.31341419  16.0210081  6.76240311
  6.28786175  7.48353405  13.2825859
  3.81853994  17.5205471  14.7758442
  30.4987827  11.9790687  5.60850748
  8.35583483  27.3660722  6.3848943
  2.3624702  5.35637677  2.17828726
  6.37785606  29.3466363  12.5919763
  2.40333398  3.55616269  13.784788
  8.2060627  8.17508798  22.7495001
  14.6539204  13.3750511  11.2605612
  31.0793677  13.3092853  12.1742941
  10.3739811  20.2090868  6.91610752
  9.79882499  4.84837135  14.056768
  4.75826792  24.8743171  7.04958899
  8.38532857  2.20905747  18.5703723
  7.2511199  20.5627727  11.2302035
  22.9590317  6.65732073  9.1435887
  16.0240218  8.39224647  3.70336443
  7.78055059  14.1084516  10.6622361
  13.6233917  17.0121689  10.9691207
  10.1667112  2.83151981  0.408122546
  13.5772139  5.66030456  10.9822286
  3.10721033  28.8315766  15.0867285
  18.0247445  18.6635105  11.1907585
  19.7949477  6.95644158  14.6127701
  5.33901344  17.3485251  10.4795407
  17.9215655  22.7371784  26.5832919
  15.4404169  24.0828839  10.6624861
  17.940254  30.0913755  4.65482055
  15.3086222  1.76204168  9.92467384
  24.5327057  27.2276825  3.65577635
  15.0274169  7.15520246  7.21703341
  20.7915126  14.5411786  21.2322106
  21.6211985  10.5095064  19.9277239
  11.7767256  24.6965475  12.4333001
  13.4687758  27.7844715  10.4037754
  25.3892271  24.7312648  7.1778358
  24.1966488  31.6854284  6.25043071
  17.2307076  10.9631752  6.93858316
  28.5697183  0.161137398  19.1562775
  26.2799229  13.7669038  11.7258516
  31.4770715  17.6412141  15.0314786
  14.8625907  24.1264662  15.2867895
  18.7789781  23.9207988  12.9501021
  18.8637023  26.2631556  9.30637897
  21.4696233  1.39180521  19.5407841
  23.4778353  30.9131982  0.0195454692
  25.0828513  10.2780637  9.31362031
  25.7050061  16.9856022  6.03313135
  4.48823712  9.6593935  2.3436571
  30.8328995  21.1712083  17.0569956
  25.4455112  25.0619353  11.2598851
  0.237569284  18.2936608  27.443826
  27.3714955  28.8135035  6.36599451
  4.17059232  4.05527018  10.664992
  28.8788237  18.8957483  9.34630711
  7.04378069  10.1239172  10.4039203
  28.5749604  10.115079  11.1877642
  26.7331524  14.0207189  17.5220972
  3.37407162  21.5292861  4.08049169
  30.7659723  30.983102  9.49074274
  24.4061178  28.7087369  8.82570929
  7.11130704  0.662957566  10.6927236
  2.56033033  9.78970409  14.0710835
  8.01781582  16.8936878  14.1477194
  0.692232608  14.3509926  8.2306043
  7.54592362  23.4932533  18.1531497
  8.27215231  11.8862408  7.06960873
  26.5984991  0.557007904  9.18324766
  27.1005064  6.34090096  15.6606566
  5.35590605  28.6893497  3.5212836
  1.0548469  10.0388066  21.164423
  26.5763569  30.3868836  23.1085082
  7.9172425  7.99016058  18.724593
  8.87690857  11.0882467  14.4258332
  12.2760384  21.2049277  10.1396894
  5.70625876  21.0809271  20.9229522
  31.8977941  27.5877885  11.2951444
  11.5876196  1.68814699  10.9920637
  31.5186637  9.85561725  24.9993362
  10.2494294  30.1102507  24.3838121
  11.1063107  14.2964163  13.1599256
  3.82105359  22.4938771  10.2833439
  12.1759471  13.3666451  16.9909666
  10.2901163  21.0119177  13.5195788
  14.6917822  27.837968  17.5059049
  12.9466076  1.71949161  20.3590039
  26.0596098  8.43177922  18.7445814
  17.4124806  10.6599908  13.0110188
  16.9127535  12.3192446  22.9705566
  16.6680127  14.4240098  19.541744
  6.15185563  24.2913351  14.5503794
  20.2640974  4.48912332  11.4694924
  9.56739524  0.253316514  14.3169767
  14.4004268  9.48165291  10.3672397
  28.6013466  8.66379835  7.77501196
  18.1812561  9.06819343  17.7308265
  19.9418415  20.4908934  22.9272822
  11.0764439  20.5684215  25.3007742
  20.5581987  28.8603248  13.5005329
  20.0935398  25.596904  16.9392567
  23.204157  2.94205214  10.1252535
  22.3480647  0.961999782  28.9332701
  17.1896735  6.9696472  11.2734401
  25.3679969  16.8368804  9.767137
  0.666816933  25.4642598  16.8051409
  19.0495598  17.6196446  19.1198147
  23.0504243  19.0350327  4.12208484
  24.2363831  30.2915322  12.694043
  25.7040909  10.8166482  14.4658225
  29.6300186  2.9500936  13.9026729
  0.457442817  2.39875713  10.4259182
  20.3287297  15.4950161  15.876796
  23.048804  13.5311866  9.28021324
  29.8264305  16.4085656  5.23535789
  30.5170623  22.1718271  3.01320254
  21.9309568  24.250963  21.2758645
  18.4046023  22.0613942  9.01798929
  26.8485568  6.32801306  10.4704917
  28.2221762  17.180493  13.0010011
  26.8514793  12.0457758  25.7939198
  28.1124256  13.4510618  30.0548464
  31.8252647  19.4436791  7.05314619
  3.50770161  26.0305206  12.2973553
  0.45782991  31.3664451  14.1147932
  0.0636283692  6.86126283  9.17417291
  28.4462271  23.7483109  18.5443095
  29.2671936  4.16014481  8.32769199
  25.2640247  10.2036776  22.1545837
  1.96294468  12.9574547  23.6365191
  6.94673476  20.5442061  15.7407962
  5.68176736  30.7208762  7.02527677
  2.32166003  20.9849563  14.4971394
  7.58771347  29.9803889  16.7224283
  28.3443629  31.4625593  15.133992
  3.33989554  2.71654382  19.6513996
  29.7726634  3.64549088  19.7161651
  15.9101565  15.106669  7.81532558
  11.0603867  25.3838342  17.933176
  1.95097297  18.2803655  19.104639
  5.21718809  26.8745513  17.7765917
  7.09937735  8.22200221  26.7839221
  9.75176849  27.5878202  14.7634318
  2.96517009  10.6723302  27.0900738
  8.42989438  14.0748505  16.721021
  16.283266  22.3103822  18.4856846
  17.8925792  24.3479252  21.4921991
  7.43043195  21.9663761  24.5091357
  2.86439133  22.6912484  18.9031076
  13.7080055  30.3550161  13.4161698
  14.1630618  6.02830235  18.9627891
  10.7141322  7.96884291  12.3954446
  12.908107  10.7697285  13.6488472
  23.5929874  6.85990661  12.8722049
  6.72689786  4.94626706  20.9395984
  7.17238974  28.9049326  20.9844004
  22.1031064  22.1908951  10.968687
  5.19952711  0.827423015  14.9006101
  16.9109912  0.436936815  18.7238833
  20.0474142  29.8144917  17.8256543
  18.7648819  3.24351228  7.94594278
  12.4088839  8.9769028  21.3126967
  16.8758911  5.72506109  26.489497
  24.8871696  30.5601617  17.2067538
  22.9587407  8.53926615  16.3025883
  23.1001159  4.21182359  16.130206
  6.5947042  1.0393201  21.8340961
  21.5400429  11.9091959  13.0154104
  22.3673991  21.0440329  0.0991306437
  29.8039011  16.7233611  18.7972627
  23.1046646  13.1145508  17.0183713
  22.6489329  19.1863274  16.6603538
  25.1616734  27.0433875  15.1218223
  27.0691337  22.9702142  14.8884386
  0.939116122  5.81295732  21.3131178
  25.6579364  3.06419101  13.3482375
  24.7894592  13.6886405  21.2228061
  27.0756513  15.7761234  1.30002224
  16.5759768  15.8018212  13.5791122
  30.3938444  24.6955582  13.438693
  27.1403583  19.3238242  16.1447617
  30.4206586  28.0892865  14.7647163
  0.40179202  1.23801814  21.9122432
  4.16316442  7.76725522  20.2782603
  30.1420626  10.8908137  15.4028145
  31.4932014  16.0615272  21.7642124
  3.10473498  13.5078498  19.6355938
  30.3872161  23.4008085  23.1224631
  31.8375207  29.9287719  18.3737567
  28.0328055  28.9233256  11.9404764
  28.409435  2.6073082  23.5566011
  13.1684379  13.0268276  21.2108454
  30.9424522  12.8926971  19.2125739
  29.5434176  12.4571377  22.810438
  28.1930537  20.1030276  20.2770367
  5.94642795  16.5607451  18.7560459
  1.72762156  20.9530686  23.1747884
  4.6217594  21.1180386  28.190921
  4.3325215  1.74104706  28.2504018
  3.18773807  29.141371  20.65223
  8.21045919  16.3188048  25.4717797
  30.5027395  18.9883046  23.7019179
  14.4835225  22.9673226  24.3538143
  8.53380361  26.4618046  24.3269889
  9.30851297  20.0480993  20.8659162
  13.8705318  24.9078419  20.546463
  14.3772162  25.124404  27.9814782
  10.7922214  1.93998699  23.8223027
  12.4008162  16.9118469  22.7273014
  13.7951264  20.5094077  21.4370931
  26.5701714  17.9678173  30.0897689
  14.2684595  0.516310364  30.8483887
  9.83987982  23.8234534  21.1646009
  15.1573676  7.89273003  31.5659908
  20.4015059  6.32091376  18.9947899
  19.1214405  3.28625298  16.1939616
  11.6412252  8.4279009  16.7329645
  10.3089449  19.9216252  30.9878331
  20.8852377  16.9167871  29.3026444
  18.7984062  14.2721743  26.2190934
  13.9243998  31.2707638  23.4573527
  13.5793882  2.65790081  15.9144303
  15.6524443  28.6635374  21.0260835
  10.1977918  11.2796409  23.3177594
  21.1737617  12.682513  29.3743275
  18.8057272  7.98703881  29.5981352
  29.2872452  28.5404547  28.8021823
  14.2916734  3.79288426  1.35236625
  11.7291656  21.439658  17.4852854
  21.8721856  1.17407259  13.7903136
  26.0606461  2.62134638  17.5329686
  0.347475248  4.0780323  5.6349484
  29.3279715  8.28281294  22.0885886
  15.0440388  17.7764091  29.8113054
  21.0905531  10.1342152  0.888757845
  22.0149484  20.6452763  26.6108418
  23.5268218  27.4510208  19.2126414
  16.9367684  27.5493143  12.9982198
  24.1831705  27.5769992  25.0402507
  30.9025467  7.87699908  18.3504062
  22.1693241  11.7672634  24.1521908
  11.8073557  16.2580295  27.1498233
  1.62770066  18.3421234  10.4603622
  24.2365692  19.2488952  22.5093837
  26.8887778  27.4153717  0.0496957023
  30.7866785  29.5556611  23.1736418
  17.8645172  27.822403  29.1782512
  19.2316987  9.97723363  26.1449597
  30.3521192  10.5556386  28.6527823
  24.1138964  15.2584807  27.6614122
  29.8562415  20.8341929  13.4070377
  21.0197669  3.85199527  22.8404264
  20.512107  21.4735937  19.131824
  31.2579493  16.6356121  0.683478874
  27.7194355  10.5302558  1.31329009
  3.26949184  3.04149319  23.6702673
  3.63733563  15.3460278  26.2287776
  6.89288864  15.8092294  29.4487629
  5.06439269  18.7966423  24.5951019
  4.64875438  25.4410722  21.2556204
  28.6380731  24.708577  29.2487842
  7.28045699  31.6621429  25.46111
  1.36972814  26.8652561  24.2193911
  11.7717714  31.3046421  17.394695
  1.6290499  13.4193282  15.696039
  18.9290312  19.2143991  15.3639208
  14.1838831  14.3557752  24.8836024
  30.2050287  26.8510868  20.4969604
  4.97289723  4.92465136  30.8394225
  10.1014635  1.1204149  27.730517
  11.4965589  7.56242796  26.1979631
  17.0727799  29.997647  9.74862164
  10.6511287  5.782223  20.5345709
  6.17208202  20.1995865  31.6831779
  16.6600424  17.4454593  22.0888216
  3.87950173  31.848398  0.825477987
  7.26892181  0.315086247  30.4131198
  13.5391163  21.188672  29.0382738
  18.3742932  31.3837146  23.2383218
  24.5361054  5.62771065  21.0498601
  19.15528  1.91996468  26.4396641
  12.8905296  5.05414702  29.6414655
  4.92158167  15.5744156  22.3124371
  15.1633117  23.4471337  31.8670531
  8.66637747  23.6241851  6.13182365
  17.4886916  0.0326291201  13.8306765
  17.319973  4.10493867  30.0332938
  29.7183109  31.8586898  26.260328
  9.29128984  11.4139632  27.3212737
  30.6662095  7.48838882  1.24879411
  15.4407601  19.6601973  7.94448756
  13.1000446  25.9787053  3.54097373
  11.9855007  6.7469945  3.95194593
  11.1765199  28.5947286  20.7267989
  22.8933176  25.7887884  28.3953256
  17.751632  8.02934643  22.1191023
  22.9423185  31.5645464  23.0668367
  11.9505594  10.4960133  30.3145366
  21.2775855  16.7797258  24.2839642
  25.1926132  17.1864136  19.1087113
  16.9279264  1.12239768  1.96278623
  20.7156544  24.9412591  24.9170479
  25.8715429  25.2463671  21.3603385
  27.4365694  8.07435111  25.522618
  21.6791467  7.7694744  22.9525034
  27.575902  16.6514303  22.6582813
  22.9677737  9.38062909  27.5447772
  25.5325061  24.0592168  25.6089408
  19.0953194  24.2553532  30.9208935
  27.6922009  27.522891  17.971328
  20.1486528  28.1422155  22.6583195
  3.37882633  6.28983866  26.9564875
  9.95448943  22.8517617  28.1802935
  23.3043627  16.636353  1.02433324
  28.7997399  21.3948405  26.9914855
  29.0583348  26.5685243  25.557891
  2.62562198  27.3118537  0.247843577
  24.8248759  4.04773143  25.4214297
  5.41838652  9.15237541  6.4644166
  25.1812595  6.05801559  28.527029
  13.9284177  5.30553558  22.9618311
  1.44842631  10.2173094  31.5533975
  27.2677143  19.2008913  3.29841618
  27.4594631  16.1948063  26.3074726
  20.627995  14.265708  5.18317448
  8.84087656  29.0778291  28.1541488
  8.23918355  9.32770476  3.44424006
  31.0222347  5.92354304  24.6312524
  0.0548069629  6.72470659  29.2346378
  18.7437056  6.94227618  1.23651103
  1.90027261  20.3469184  0.487511934
  0.796690024  22.1941951  27.184709
  5.68318145  24.967884  3.26778543
  1.2893269  30.7880632  28.835935
  0.53929798  23.3280973  6.96657053
  8.86807691  5.16629169  5.20816915
  7.02298792  3.9855829  25.3569258
  8.06604208  19.6419588  27.7458536
  7.53822151  8.95299214  31.1528501
  5.24933509  28.1468217  25.1065549
  14.0329573  30.6454701  2.660507
  30.8850922  26.8564954  1.09259972
  15.1009157  9.89354318  25.7190311
  20.8140547  2.48105063  1.20417461
  5.2043317  12.0296795  30.3492337
  6.09080799  12.6867026  24.8586786
  13.1873108  27.3690651  24.0265974
  12.6146483  29.9939009  27.777927
  14.0972952  2.56753312  26.3908456
  22.1240094  6.2597376  3.33364632
  13.0889443  10.343707  2.20287948
  25.6256869  30.8973096  27.1875219
  14.9616807  13.3170711  28.5938766
  6.51598156  5.67546158  2.44807649
  17.5697892  11.5455339  31.2568737
  19.8204869  14.2803585  1.17793595
  7.32055534  19.4766452  3.78150954
  21.0161872  28.0121591  0.921731078
  26.6505954  2.69918608  31.1870858
  26.7511892  9.62508262  29.0578428
  24.8516483  3.8317837  6.75005471
  21.9799268  18.5432842  11.7434325
  27.8377075  23.6124136  0.909543478
  25.5945191  19.5170419  25.801803
  21.7214545  22.0108325  6.6708377
  0.00387123658  28.9297653  4.35091016
  20.8820768  30.6496949  8.38282343
  0.266392518  23.8056726  31.1477393
  0.706225166  13.8076851  29.7384763
  2.98399715  17.4258947  30.0686252
