  15.1330352  7.72061911  16.3655899
  15.0518206  7.37650595  17.1640956
  15.2318373  8.58302215  16.2674672
  15.1304458  7.63080414  16.2445215
  1.86640637  1.12443524  15.4529512
  1.70322692  0.938028432  16.2903555
  1.25761081  0.97717982  14.8440072
  1.99982713  1.18259152  15.4136096
  1.79939945  18.4997429  2.20368253
  1.94922514  18.7275409  1.37405524
  2.00200191  17.6967219  2.48160073
  1.73885513  18.5994922  2.29915736
  14.8765236  5.83644465  8.77523647
  15.5026281  6.43280713  8.65290098
  14.1361107  5.87657977  8.31338495
  14.8966047  5.72610351  8.87599641
  7.95008385  9.26496076  4.28677024
  8.7383018  9.57286258  4.07106224
  7.40276727  9.75376376  4.76073774
  7.90833739  9.12729684  4.24163847
  6.01437008  5.89874566  1.70471746
  5.17576143  5.97421197  1.47306821
  6.22586342  5.70430082  2.5296967
  6.1227639  5.91889202  1.60187824
  14.9909089  7.14172092  12.9594673
  14.2371174  7.33709907  13.354748
  14.9882792  6.74082329  12.183321
  15.1217049  7.17774402  13.0252378
  2.10443253  15.942705  5.56761422
  1.92525813  16.7288935  5.90291306
  2.81475789  15.8285855  5.07209073
  2.01272021  15.8264027  5.59578613
  8.47613448  17.5245154  8.93805659
  8.69792341  16.8087628  8.48958272
  9.00212116  18.2219861  8.93935314
  8.34651988  17.5277311  9.01500269
  18.4660496  16.5927207  12.1352764
  18.6689452  17.3799458  12.4542296
  19.0821442  16.0984007  11.7621759
  18.3244259  16.5419582  12.1451191
  8.082477  0.58295035  16.645624
  8.73457471  0.397212146  16.0952687
  7.25861535  0.6102201  16.3564228
  8.11226458  0.609889472  16.7909443
  14.0348748  13.5007506  10.4827067
  14.4674173  13.6854888  9.74690795
  13.3487832  12.9603133  10.4644094
  14.0791177  13.5619805  10.6131846
  10.3040588  4.05453629  15.5667933
  9.53733437  4.12787757  15.1552405
  11.0153034  4.44423867  15.2421515
  10.3134381  3.9747898  15.6944002
  18.657694  2.16486933  1.1234795
  19.2962251  1.59786777  1.30625871
  17.9943609  2.27345134  1.68144741
  18.6623319  2.24446271  0.995516959
  18.6642343  17.9669628  17.5844346
  18.829789  17.6647288  18.386848
  18.3815079  18.7860823  17.473809
  18.6849879  17.8775975  17.4647929
  7.91933936  2.98817292  18.1992624
  8.05111481  3.02174733  19.0618916
  8.22982319  2.31730483  17.7337899
  7.84241057  3.09824883  18.1307331
  7.75123303  14.3904675  1.90867474
  8.45122875  14.7021717  2.32756323
  7.76901025  14.2867887  1.04145871
  7.62727493  14.3540735  1.98639773
  11.1916775  0.544806838  8.20994458
  11.6448035 -0.158315726  7.95911271
  11.1925773  0.791326999  9.04801138
  11.1135441  0.623993586  8.10818202
  17.1778894  10.5448521  0.851347457
  17.4717599  11.31548  1.13839062
  16.6735506  10.505271  0.139164399
  17.2147504  10.4183998  0.924710159
  15.627064  12.0522524  13.5814333
  14.964421  11.9958869  14.1474265
  16.1948887  12.7139284  13.635181
  15.6436364  11.9472183  13.4745493
  12.2589171  11.6733985  13.0734789
  12.1079843  10.8161993  13.0024191
  12.861306  12.0560638  12.5696693
  12.1804243  11.7554772  13.1726402
  17.145748  9.14264504  3.16341627
  16.534887  9.12462666  2.53960139
  17.8544816  9.64456981  3.06909094
  17.1284826  9.0592426  3.28782266
  10.1672307  17.2519713  6.2799541
  10.0852489  17.9778508  5.80141576
  10.9280478  16.8231437  6.29978477
  10.0498579  17.2009345  6.35964016
  3.20539328  8.43483184  12.3393995
  3.73972547  9.11273501  12.2068951
  3.08342296  7.84255792  11.7089521
  3.13446914  8.41986978  12.4715997
  3.33623776  13.9637669  3.18940741
  3.7626349  13.4524089  2.62432383
  3.51786782  13.9213839  4.04283766
  3.2313967  14.0598601  3.13935294
  13.2627365  10.75674  15.6491742
  13.8121448  11.1194604  16.2229384
  12.5864654  11.2148044  15.3393947
  13.2850527  10.6148901  15.6032218
  17.0169735  15.9341949  5.59927502
  17.3435346  15.1738697  5.32019725
  16.5348313  15.9638666  6.32714004
  17.0443452  16.0606084  5.52180626
  11.487038  14.5966371  18.5364676
  11.3077631  14.430845  19.3749152
  11.6542476  13.9397788  17.9853713
  11.4886382  14.7389682  18.4867653
  0.235036999  5.81795377  18.236702
  0.745946537  6.15835731  18.8577639
 -0.268576348  5.12631648  18.4131685
  0.233508159  5.87909059  18.0988943
  17.1121922  4.85622384  9.63555565
  16.6191761  4.8078574  10.3547335
  16.7377775  4.85852876  8.8462919
  17.2622238  4.86465887  9.64781822
  13.0709928  7.07280778  14.6205213
  13.842948  7.41186878  14.8479937
  12.5214892  6.78212984  15.2342649
  13.0324208  7.06491685  14.4749846
  0.352210618  13.8638987  5.42262877
  0.509985145  13.2788015  4.79382875
  0.940655705  14.4839428  5.60264717
  0.222874413  13.8580385  5.49988667
  12.1957614  6.08379737  7.27803787
  11.5563837  6.59106458  7.58867762
  12.2520821  5.24791613  7.5255442
  12.2962993  6.14063303  7.1811211
  9.2910959  5.42689583  13.3605344
  10.1642553  5.42843489  13.3750701
  8.86355232  5.71247889  12.6542924
  9.21411392  5.37676356  13.4800816
  0.931994946  14.4367546  8.0868559
  0.794879623  14.2461034  7.24574205
  0.783703019  15.2449817  8.38334804
  0.980926621  14.3297125  8.18108263
  13.4194214  15.9498152  17.1214164
  13.6568886  16.1893241  17.9269385
  12.5734263  15.8690046  16.919201
  13.5247749  15.9228391  17.0169947
  5.46219498  9.61528123  14.4757228
  6.06267042  9.02964326  14.7187833
  5.20302833  10.2353888  15.0337804
  5.4035596  9.60950342  14.3369442
  6.2699245  3.43878621  15.0078856
  6.73997456  2.97575094  14.4358085
  5.39716267  3.40960881  14.9841273
  6.33970878  3.52353968  15.11122
  7.75870037  1.55714958  13.291314
  7.53612116  1.00173311  13.9273894
  8.55253509  1.5141775  12.9292244
  7.65962527  1.66032683  13.2436739
  17.9801634  16.8625095  1.32213506
  18.4048588  16.2843398  1.82010559
  17.1445704  16.7260753  1.10696241
  18.0512155  16.9863332  1.27365555
  18.6302538  8.85702732  17.8445363
  17.9529564  8.46420853  17.4577773
  18.776195  9.70849526  17.7147961
  18.7218403  8.77768099  17.9342418
  9.20921037  11.5225919  15.5411646
  9.92094456  11.9018255  15.876183
  8.44603702  11.9476605  15.5376905
  9.21833331  11.3836229  15.4834114
  11.0246022  2.06261959  11.1207422
  11.3431781  2.69968277  11.6259955
  10.8988315  1.26319005  11.449715
  10.9908445  2.0909475  10.9765584
  16.0689541  4.437665  18.1526329
  16.1254898  5.30571498  18.2295357
  16.1816961  4.05791995  17.3740368
  16.0401262  4.353252  18.2741828
  7.35182345  8.15922837  0.0936116298
  6.59252935  7.99676993 -0.306014122
  7.71591759  7.55333114  0.606888374
  7.42033422  8.29201746  0.0735037518
  13.5877706  12.3918334  17.9073292
  13.3764363  13.2391538  17.9046859
  12.961526  11.7833762  17.8803756
  13.7327251  12.350632  17.9119806
  9.39915212  7.58761691  6.68391185
  9.15107618  8.3206452  6.27925291
  9.49551939  7.57681331  7.55208558
  9.42491813  7.46260549  6.60366686
  0.819938961  12.8070826  0.618327662
  0.719629943  12.0001213  0.299936919
  1.41786032  12.9640145  1.23557267
  0.734113799  12.9195517  0.566214934
  4.32924787  7.8027705  4.88497051
  3.826269  8.30098906  4.37368632
  4.5903633  7.01563469  4.61044372
  4.37141337  7.85305336  5.02070815
  12.5924999  13.3069021  2.64188037
  11.9995507  13.4647321  3.2632676
  13.3057843  12.8370885  2.82526373
  12.5713451  13.360533  2.50257075
  3.86534267  13.5199503  5.88960641
  3.29881265  13.9391649  6.40528442
  3.76864691  12.6656421  5.7348926
  3.9797751  13.5954253  5.82683901
  6.50371048  4.45085429  11.5727228
  7.23767345  4.04106287  11.8093455
  6.03153278  4.88327674  12.167019
  6.45876719  4.44726145  11.4288541
  3.20994675  9.78460642  1.85086736
  3.11910917  9.12796194  2.41936316
  3.46369187  9.62295262  1.03073904
  3.18128475  9.92608337  1.89438474
  3.93897085  16.5547887  1.25820021
  3.5322209  15.8958733  1.66194024
  4.67020914  16.8922414  1.59664543
  3.88299691  16.6100113  1.1295597
  18.2709122  3.33565099  15.7836678
  18.4109914  3.54226895  14.9468238
  18.8222001  3.61256473  16.4021574
  18.1510135  3.25238475  15.8213778
  17.1399666  7.42021893  8.16260527
  16.7847573  8.21211069  8.06588509
  17.3489259  7.12734837  8.95865289
  17.1647917  7.3337886  8.04159077
  10.0120179  12.636072  2.55661028
  9.37982766  12.3888609  2.00720767
  10.7946701  12.249112  2.52751639
  9.98601836  12.7461169  2.65633566
  4.67733586  1.1396858  6.88458284
  5.18455411  0.87754886  6.22379929
  4.44478924  0.575533367  7.50970932
  4.63026122  1.28277717  6.89089405
  15.0952693  1.54249928  4.90751519
  15.6389879  1.71954222  4.2474797
  15.1473371  0.777254191  5.32562753
  14.9925453  1.64452385  4.94958384
  2.2303937  5.12062577  10.5768684
  1.80534253  5.40713942  11.2838779
  2.86185502  5.60594463  10.2179098
  2.19491629  4.98687076  10.517019
  0.714771592  3.0040335  12.3774433
  1.15490022  3.65301982  11.9930939
 -0.15854266  3.01622931  12.3948347
  0.78981008  2.88946542  12.4404862
  13.4990944  17.8085848  14.4258554
  14.3252412  17.6530169  14.6622895
  13.1799927  18.6212646  14.4550886
  13.4116091  17.6948947  14.3794671
  10.4984927  18.5372975  12.2076481
  10.8349131  18.2441997  12.9583385
  9.7718882  18.1775592  11.8824355
  10.5658217  18.6505566  12.1343664
  5.26361974  13.1222212  1.53240207
  5.19832257  12.90403  0.689342224
  6.04895982  13.184913  1.90981387
  5.13900197  13.1495554  1.61274047
  17.5940459  0.49473113  14.2387988
  17.1233271  1.05478121  14.7156517
  17.228359  0.0781128537  13.563646
  17.7388655  0.470348971  14.2729132
  12.5039261  6.85197718  18.0144706
  12.7142443  7.67001331  18.2362907
  11.9628728  6.70433303  17.3447009
  12.5615737  6.73606229  18.091746
  5.11220432  1.28522518  1.47861239
  5.94465374  1.1360308  1.2609199
  4.81184362  2.10399413  1.52890887
  5.02012278  1.16929102  1.50709528
  10.8284424  3.60025012  0.510835475
  11.22766  4.01749571 -0.144261775
  10.0052694  3.32310448  0.417531802
  10.9020454  3.57565761  0.640097969
  8.07753662  17.1718834  11.8223914
  7.24727992  16.9886757  12.021715
  8.29719366  17.3747152  11.0015754
  8.1830069  17.1689124  11.9300863
  0.0872305948  12.3099394  9.55609027
 -0.0723963665  12.3355283  10.4142776
  0.234019974  13.0494825  9.11488979
  0.0898879251  12.1774717  9.48414428
  15.6407987  1.57111813  17.5395952
  15.7655814  2.42068423  17.3805742
  15.6341799  0.99774874  16.880556
  15.6208321  1.52339275  17.6812096
  16.4930808  1.95331133  9.25044097
  17.3303494  1.71233852  9.30989122
  16.2008347  2.63991787  9.70463565
  16.3989908  1.87642384  9.16118646
  15.4412865  18.3510292  12.9123792
  15.3629875  17.4824788  12.8664415
  14.9094027  18.8647055  12.4472281
  15.5465811  18.4123184  13.0011918
  3.51826363  11.8416488  8.72789012
  4.24305114  12.2258811  9.02733908
  2.8038835  11.8014594  9.22906359
  3.51643507  11.782576  8.5891888
  13.8468806  13.107442  4.85377865
  14.1244748  12.619794  5.52292876
  12.9943359  13.2687784  4.75245154
  13.9464827  13.1642289  4.75587242
  17.8597804  11.106148  14.31707
  17.2602485  10.8682556  13.7283514
  17.7212319  11.8008704  14.8282395
  17.9872267  11.0267617  14.3307171
  6.59548456  11.241113  16.4197361
  6.44643127  10.9711133  17.2367454
  7.07714712  10.7539823  15.8776715
  6.53750167  11.3718926  16.3721367
  8.001878  16.3385465  15.264947
  7.59073991  15.5787417  15.3925528
  7.79719778  16.8382352  14.5782548
  8.10807167  16.3836641  15.3619948
  6.70867538  7.51717254  12.0321419
  6.88693327  7.91741646  12.7875557
  5.88710069  7.29282761  11.8376854
  6.81998717  7.48721159  11.9349667
  13.6250517  1.2921033  11.6688874
  13.6319362  2.06362769  11.2598353
  13.8058701  1.24636579  12.5223169
  13.5921073  1.16666476  11.5920056
  4.52841995  18.0427368  17.2828821
  5.06622634  18.719592  17.406383
  4.05962708  17.7275787  17.9492435
  4.51621308  17.9805413  17.1460841
  12.8839636  16.769738  10.5010586
  12.029631  16.6775869  10.6567667
  13.438194  16.9065193  11.1623064
  12.935825  16.7615329  10.359729
  16.3799206  5.75593895  5.930319
  15.6005502  6.03295326  5.65020147
  16.8053451  6.19834297  6.55194724
  16.4408436  5.6312034  5.87149346
  8.46313759  14.0008877  4.57309808
  9.16303699  14.3853425  4.92658974
  7.9802406  14.4264662  3.98248612
  8.42596252  13.8605734  4.6138524
  0.987725761  7.38098669  14.7735986
  1.40429917  8.12441406  14.582802
  1.22319154  6.91310065  15.4727177
  0.874628818  7.33365705  14.685849
  4.29631954  12.9994691  17.7088056
  3.72164947  13.6508468  17.7987073
  4.20231731  12.4172874  17.0643235
  4.41222436  12.9878699  17.8045266
  0.615391794  5.06624932  5.76864174
  0.407239375  5.1554953  6.61204481
  0.676606293  5.77019217  5.25498208
  0.64124723  4.92901498  5.71181539
  9.9666864  9.66021409  1.85849257
  9.42379019  9.00818246  1.65175737
  10.8231577  9.50882  1.94013681
  9.91238278  9.79926223  1.87965215
  2.72581611  15.036949  16.7744788
  2.86332563  15.5280222  17.483393
  2.66899806  15.410009  15.9866166
  2.71233774  14.8874132  16.7882033
  15.4609288  4.90116547  14.8891928
  15.6143475  5.60412886  15.3840929
  15.8502589  4.81864183  14.1115419
  15.3673741  4.79366949  14.9384184
  2.28194495  5.35518583  16.1515923
  2.74573627  4.63984641  16.3408226
  1.69827332  5.66370085  16.7236717
  2.30310456  5.42575178  16.0200487
  8.22477959  1.86184867  9.47495174
  7.99689527  1.56512599  10.2640306
  7.61255857  2.0212894  8.87254566
  8.37011334  1.8860046  9.44292694
  1.37761033  17.9181988  8.24738923
  1.05688461  18.2154846  7.4914943
  2.24119809  17.8854101  8.37494346
  1.28358743  17.8729045  8.35619695
  10.4547842  12.7556263  11.6216599
  11.0334494  12.7224925  12.2748594
  9.60499844  12.8629167  11.7933631
  10.50186  12.7432531  11.4789652
  9.12956927  4.38785121  10.7844707
  8.85949979  4.48322013  9.95949305
  9.82022571  3.88417874  10.9645726
  9.0570126  4.45891009  10.895903
  15.3473288  15.4691601  12.3888149
  15.1001445  14.9239618  11.752985
  15.4059747  15.1845503  13.2126396
  15.3803716  15.6125784  12.3560986
  6.14666584  12.6151007  9.93283618
  5.80900557  11.8298464  10.1116718
  5.84605523  13.3256111  10.3426377
  6.25740572  12.6278484  9.83132175
  12.7112211  3.65017203  8.95635905
  12.8693692  3.54314307  8.10421184
  12.0534483  3.22018916  9.33790702
  12.7980151  3.74274528  9.03777142
  17.4530436  14.6359438  13.8162587
  17.8893929  14.9610212  14.4992997
  17.4704202  15.0499225  13.0472018
  17.374963  14.5078298  13.8311337
  1.09104503  7.94460213  2.10510271
  0.762929452  7.84812743  2.90862857
  0.609882763  8.31327813  1.47606393
  1.23123277  7.89789624  2.0751533
  9.90306186  17.2728701  17.5978083
  10.6693804  17.196988  17.1859602
  9.50210016  18.0478808  17.6392464
  9.83972432  17.1517541  17.6614502
  12.8972859  0.447920677  2.7769859
  13.6798341  0.300053968  2.41869176
  12.6580726  1.26110298  2.98826896
  12.8031858  0.332797696  2.80194299
  2.88144383  1.33465594  0.192703651
  3.51049141  0.935985151  0.648753752
  2.85658059  2.20679418  0.149278925
  2.77724408  1.25262937  0.120974595
  8.57941175  10.2852753  18.1769499
  8.18145059  9.63965239  18.6098689
  9.45173513  10.3203214  18.1460835
  8.4972384  10.3905896  18.1070395
  1.45593649  14.023407  12.9606404
  0.737104738  13.5418003  13.0787794
  2.02056455  13.8204563  12.3257111
  1.48227306  14.1420925  13.0498096
  6.68764187  2.36837291  4.94817908
  6.36031388  2.25317129  5.74955664
  6.37566108  3.00169562  4.43368969
  6.79856271  2.27897438  4.89882861
  4.0879317  1.29712271  12.8043849
  4.73187741  1.42534963  13.3801563
  3.39642918  1.83082126  12.7934701
  4.09648926  1.18285439  12.7064026
  10.9114847  9.51868157  14.4061703
  10.3122685  8.90676209  14.2355376
  10.6693345  10.3503402  14.5194678
  11.0569617  9.48046976  14.4165281
  16.480325  17.9092218  9.4724902
  16.9885786  18.2299128  8.83888418
  15.8532203  18.4048165  9.82498782
  16.5006746  17.7678323  9.52071797
  0.232492948  14.8400247  3.03663548
  1.09204088  14.8792425  2.88743662
 -0.0772819489  14.942686  3.84696202
  0.137443294  14.8159387  2.92210845
  13.3457957  8.88773289  7.63252689
  12.9891667  8.20223736  7.22566991
  14.1669848  8.84446468  7.9273239
  13.2654861  9.0139215  7.65144269
  6.11826162  0.937102272  10.5893328
  5.60915476  0.861295006  11.2948003
  6.12216555  0.309571314  9.98161686
  6.20527143  1.05904568  10.5723008
  11.9812707  5.18113568  13.1314042
  12.6432689  4.64655274  13.3278739
  11.7226529  5.78804079  13.7040403
  11.9118644  5.16883729  12.9981281
  2.31786938  15.9729617  11.1820786
  1.83797144  16.4149166  10.601566
  2.30101638  16.1966958  12.0263464
  2.40341093  15.8575175  11.1364029
  6.22562322  10.073803  10.5737782
  6.03969232  9.22520751  10.4846914
  7.05419113  10.3337952  10.6686901
  6.11440329  10.1755817  10.5722876
  15.5945216  7.22820385  1.14205947
  15.9211264  7.1469206  1.94787793
  14.7849271  6.95080314  0.966746268
  15.6780032  7.2906983  1.03317303
  16.4953854  10.0515228  15.9729824
  16.3209567  10.5803879  16.6456617
  17.1308443  10.2541897  15.4088485
  16.4158702  9.92475787  15.9545707
  5.79974109  17.8844633  8.61356895
  5.22914374  17.4318524  8.13171522
  6.56812425  18.1239123  8.27389184
  5.76522157  17.921687  8.75553301
  17.1456997  16.1464478  16.2943107
  16.5844618  16.3764296  16.9225951
  18.0063674  16.1891002  16.4377013
  17.0937766  16.0988529  16.1610076
  7.40452594  0.030105692  6.58022611
  7.10704857 -0.207500237  5.79430519
  8.26290397  0.031376225  6.74244358
  7.30742086  0.0714201631  6.68790489
  2.91630781  3.01583711  3.03038721
  2.88926498  2.20603481  3.35613235
  2.18938799  3.49902163  2.99504042
  3.0468944  3.07240646  2.98060717
  9.18785977  4.89276329  5.71063262
  9.6242024  5.48478822  5.23974767
  8.82662779  5.11846504  6.47332467
  9.17453231  4.7514411  5.65982488
  11.3431752  14.0485374  9.26431657
  10.5399267  14.2770798  9.00901088
  11.6045811  14.2053657  10.0829746
  11.4366656  13.9814511  9.16689991
  12.9424322  2.79906922  6.37285281
  13.4741988  2.86985029  5.68376982
  12.9717185  2.08720722  6.87834637
  12.8457351  2.91024835  6.40478803
  6.5195699  14.0583572  15.3141173
  5.80965838  13.754345  14.9064125
  6.71233448  13.7858619  16.1214072
  6.60921806  14.1577382  15.2447084
  10.8883198  13.1281024  5.57176074
  11.0954717  13.2715933  6.40789438
  10.1619532  12.6871062  5.36917011
  10.977979  13.1800234  5.4622325
  10.9478363  1.7531821  16.3530785
  10.5350874  2.45492177  16.0371344
  11.4168165  1.81374351  17.087598
  10.9376537  1.62124421  16.280831
  1.36383704  9.78401861  9.35395982
  0.804789776  10.4362984  9.51086183
  1.67220494  9.6550675  8.54686017
  1.40749561  9.69383359  9.46661674
  10.3753597  6.18004059  1.20488846
  10.5455558  5.36850175  1.47885736
  10.2450083  6.33813498  0.355686618
  10.3680298  6.2929305  1.30455353
  14.2558217  10.3875754  1.00753941
  13.8068155  11.1014699  0.780892125
  15.042896  10.4637864  1.37880062
  14.1970321  10.2509461  0.982897691
  9.71075226  6.62555088  9.38269593
  10.5022582  6.90670145  9.62163896
  9.06212245  6.59233261  9.9669091
  9.6860295  6.58312501  9.24014828
  17.1580705  12.9280228  17.2214656
  16.4095385  13.0650213  17.6498957
  17.4632013  13.5307022  16.6675688
  17.2349321  12.8002215  17.2436046
  9.56951355  1.71144628  5.85113056
  10.12872  2.22596365  6.28145727
  8.7262352  1.93196119  5.79296076
  9.61886295  1.5845443  5.78638865
  17.4120062  2.91847902  5.54769107
  16.5774474  3.09090252  5.35689636
  17.9953471  3.56732602  5.59058609
  17.4552574  2.77641229  5.57371764
  15.7561772  18.3957924  0.831948555
  15.376049  18.8348426  0.179753416
  15.9888041  17.5609921  0.721847503
  15.7820685  18.4645009  0.963629076
  13.9609306  13.7600649  15.038965
  14.5090727  13.9669186  15.6865551
  13.8132699  14.3272168  14.3911502
  13.8920617  13.6259454  15.0388663
  13.3972327  4.84972436  3.76212415
  13.6665432  4.73983506  4.58554217
  12.8275086  4.28985791  3.40843907
  13.4489165  4.96589755  3.68110839
  2.31128715  16.9532675  14.981723
  2.47549495  17.5742144  15.5734003
  1.77488384  17.1164253  14.3118126
  2.37610154  16.8178015  14.995104
  10.3656755  6.99781813  15.8567443
  9.67618278  6.95459052  16.3909279
  10.5447193  7.73907357  15.4305838
  10.4541829  6.87713506  15.8384945
  11.1639412  9.77320814  5.05741478
  12.0271366  9.90250646  5.02918838
  10.8219784  9.02743183  4.75740126
  11.0739085  9.87974008  5.11465169
  11.6298703  7.11213421  4.44331371
  11.7919142  6.69860102  5.19521338
  12.1283781  6.9595003  3.7423701
  11.5152767  7.20971193  4.43448782
  15.8962789  18.3162786  16.0125683
  16.5967791  17.8139202  16.1524133
  15.9591299  19.0258323  15.5068883
  15.7641592  18.2800745  16.0755337
  3.86554654  10.7432681  4.45169605
  3.78199597  10.5619247  3.60154616
  4.64509986  10.9632991  4.7788228
  3.74497437  10.7369961  4.54199574
  11.2284922  13.1030273  15.3215846
  10.4781777  13.4273331  15.014217
  11.9915599  13.4342967  15.0549066
  11.2261506  12.9899213  15.4212469
  5.75295987  3.27863435  9.17249171
  5.99979316  2.48261503  9.43335103
  6.06885178  3.9886621  9.57149285
  5.65596082  3.29339896  9.05801819
  12.1430534  7.28076263  10.5213949
  11.7764541  8.06194871  10.387327
  12.2742367  6.99153015  11.3351912
  12.1833135  7.19554076  10.40372
  15.6442332  15.665319  7.92707391
  15.9798375  16.3539041  8.34640835
  15.1773979  15.0702357  8.36418904
  15.666609  15.649493  7.77881778
  4.3982957  8.93231603  7.80417733
  4.33823071  9.80181501  7.85881089
  3.69658613  8.43382672  7.95331177
  4.53002492  8.86826389  7.76845993
  16.4398043  5.15532264  2.86603759
  16.1690977  5.04989301  3.68958085
  17.248342  5.44335347  2.70345173
  16.3468271  5.12325559  2.75176626
  1.02514134  13.11893  15.6308702
  0.716586207  13.3295416  16.4202101
  1.35541353  13.7372556  15.1095999
  1.021759  12.9754172  15.5847872
  17.6280558  8.59251537  10.356022
  17.4485004  8.73633907  11.1984564
  18.4477751  8.42547727  10.1044524
  17.5171493  8.59609588  10.2539538
  16.6081379  2.95712349  11.9448269
  16.9971024  2.78930316  11.1811751
  16.1156867  3.67255841  12.0384944
  16.6257346  2.86206979  12.0605254
  3.54397908  3.08942453  14.6415427
  3.53938255  2.45136646  15.2377656
  2.80355182  3.31881168  14.2387052
  3.67284418  3.16037108  14.608507
  10.9068472  17.0012942  1.54523249
  11.6942957  17.3281944  1.73412997
  10.4910499  17.250733  0.818581281
  10.8428529  16.90124  1.63810275
  5.7692353  15.8164788  6.33777609
  5.23612023  16.5005035  6.23521162
  5.85804273  15.2294786  5.69693833
  5.84640666  15.8000483  6.4662503
  1.29184197  0.55221584  5.53705219
  0.914682511  0.188066769  4.83864886
  0.800252682  0.867849128  6.18654784
  1.44215819  0.560133011  5.54561568
  1.62148588  7.15102414  8.18769807
  1.92863275  6.43730659  8.58630692
  1.35949059  7.83831476  8.65899325
  1.61415736  7.1556592  8.03717962
  3.58471893  3.95752153  0.12000737
  4.27216979  4.48926006  0.0346465615
  2.82458813  4.26763771  0.418600923
  3.59727919  3.81199734  0.0826450133
  5.09564846  6.69700353  9.6338228
  5.68312042  6.11521939  9.91493645
  5.32540508  7.30608434  9.05127541
  4.95417567  6.69189272  9.68569118
  12.9634675  1.84467859  18.2644086
  13.3331138  1.15672329  18.6551773
  13.362242  2.62185109  18.2749376
  12.8307488  1.82901502  18.194613
  13.4374491  16.4653386  3.6031765
  12.7399825  16.9706554  3.7474549
  13.8793032  16.1250186  4.27554269
  13.4812992  16.4364825  3.46184184
  13.0272983  4.06013212  16.1478882
  12.4660748  4.03070391  16.8163066
  13.7809252  3.62017785  16.1880817
  12.9936948  4.14099403  16.0251561
  3.43088784  5.76158842  2.66970666
  2.57327049  5.72406266  2.83003575
  3.97301305  5.18912758  3.04589511
  3.48529822  5.86686869  2.57650486
  0.750041849  9.1020527  12.4337619
  0.451259513  8.96544002  13.2428893
  1.49974558  8.73567918  12.1752203
  0.671708353  9.18871103  12.3384456
  11.3648207  2.96286036  3.23677536
  10.9465505  3.19895412  2.5074395
  10.9166071  2.64756697  3.9170868
  11.5147762  2.97617042  3.24497117
  17.6175967  0.107893791  7.23707439
  17.6629824  0.934261568  7.51578136
  17.3041032 -0.0701667635  6.44137012
  17.6644438 -0.00414567981  7.3264249
  8.29411426  17.0701551  4.47939404
  8.86824142  17.0800838  5.13734574
  8.39742776  17.6079779  3.79880461
  8.17721186  16.9750218  4.48320041
  0.214989354  9.30399479  6.19484539
  0.998905892  9.06594357  5.89247566
 -0.330702589  8.70405995  6.51954137
  0.174070012  9.44906182  6.19136028
  2.4570592  7.17350897  0.162459044
  2.09225645  7.91413478 -0.122169409
  2.40791271  6.95664475  1.00725695
  2.52824442  7.08274544  0.0653732643
  7.91244711  3.85324619  2.2742081
  8.42242201  4.55426596  2.16876672
  7.2008622  3.90024982  2.778754
  7.94717008  3.72402045  2.20473854
  13.1159474  16.4943017  6.80127471
  13.9322225  16.1943535  6.88094266
  12.9118176  17.0441965  6.15391411
  13.0100212  16.4506248  6.89926943
  6.80658376  5.42941278  4.20651024
  7.41998417  5.04994363  4.69881516
  6.43712726  6.17753647  4.46524147
  6.76479489  5.36578556  4.07637088
  8.87856196  10.7945171  11.7811924
  9.57535257  11.0012784  11.2970916
  8.37422471  11.4244609  12.1157725
  8.84509831  10.6497228  11.8066045
  13.4078706  11.8988325  7.98569173
  13.8949558  11.178347  7.9065107
  12.7253902  12.027458  7.4557813
  13.4414903  12.0009328  8.09140949
  9.55127419  0.712232138  2.88670041
  10.4005964  0.915307114  2.89247645
  8.96512392  1.26751546  3.22019306
  9.50581657  0.581210315  2.82755735
  4.94015343  4.36479148  6.33196391
  4.08400713  4.50466221  6.43231673
  5.45495529  4.27444174  7.03192459
  4.99901778  4.35577804  6.19345492
  6.87978482  11.8428637  4.34179873
  7.16786784  11.5952836  5.12814037
  7.30970927  12.4542141  3.88953258
  6.7558198  11.7795255  4.28390271
  6.06706136  15.7873518  10.2239923
  5.23896557  15.6664097  9.97449009
  6.5954324  16.3023546  9.75631179
  6.11867076  15.7194971  10.3483435
  18.1922986  18.2007175  3.33986375
  18.9998887  18.2721217  3.0153322
  17.5537848  17.8536033  2.8551567
  18.1632719  18.2480225  3.48004465
  10.3650894  15.0149791  12.8843566
  9.7945826  15.54092  13.2850177
  10.2253927  14.7632753  12.0595784
  10.4881587  14.9679755  12.9576752
  6.55869496  9.73053348  2.04649134
  6.64786446  9.21548129  1.34692646
  6.88690929  9.48391343  2.81758334
  6.48687408  9.86249559  2.03389122
  17.4158369  5.72524128  12.5562573
  17.7665297  5.63391527  13.3507982
  16.9298824  6.42664614  12.3691521
  17.4396921  5.61986022  12.4511062
  10.444292  8.65981249  11.8060253
  10.3016931  7.80737109  11.6810048
  9.77518006  9.22143164  11.8044838
  10.5847118  8.70994982  11.8283755
  7.51465672  12.7227491  12.6229439
  6.96314784  12.1023192  12.8941002
  7.21364574  13.4172911  12.1869016
  7.66206523  12.7100498  12.6519347
  4.92430756  16.6070714  14.3879877
  5.30035518  16.3011904  15.1143801
  4.14427517  16.9982133  14.4290567
  4.99450457  16.5926798  14.2553368
  18.6108013  11.2380157  3.78443909
  19.3654485  11.1239987  3.36002343
  18.5901572  11.2122945  4.65738885
  18.4839598  11.2626479  3.70675085
  8.15891452  14.7224958  7.91021036
  7.66998003  15.0878408  7.28564084
  7.78990583  14.452368  8.65451709
  8.30725705  14.7056505  7.88919248
  7.01495392  17.7947144  1.13045391
  6.63887323  17.2387715  0.571784221
  7.44983485  17.4918361  1.82491215
  7.00511155  17.9432586  1.10660521
  14.5059067  4.71262356  11.1913954
  13.7469306  4.28538041  11.2549524
  14.7651563  5.03435368  10.4217146
  14.5920565  4.73122171  11.31372
  0.454490978  4.28951293  2.93864825
  0.312918627  3.70690991  2.30370573
  0.473768121  4.03271768  3.77340186
  0.476099117  4.4346282  2.90392587
  1.67673867  18.6772311  12.342249
  1.40060693  18.9877406  11.574163
  2.18856256  19.1657873  12.8545751
  1.63551695  18.5391562  12.3866009
  7.02661615  10.6688267  7.10108917
  6.44844401  10.0270881  6.97259952
  7.08347538  11.058507  7.88086173
  7.11707407  10.7120318  6.98847615
  15.6321456  2.21541304  2.35700551
  15.6458028  3.05744825  2.12589714
  15.3471051  1.61068702  1.7947001
  15.6795582  2.17442421  2.49412939
  14.2557643  10.150544  10.3033675
  15.0510384  10.2455207  10.6514183
  13.6157445  9.77788452  10.7666478
  14.2288986  10.1990445  10.1631643
  13.5224081  2.29467525  14.3400172
  12.849998  2.09936381  14.8618784
  13.6783623  3.12491394  14.1175065
  13.6119666  2.18479606  14.2886671
  11.1656167  10.1381936  17.4123127
  11.9367276  9.87091049  17.1015578
  10.5686499  10.477366  16.8722
  11.1354232  10.1252768  17.5594606
  5.3351049  6.85816924  17.0260406
  4.71490245  7.23130828  17.5146481
  5.23320061  6.79507304  16.1607294
  5.46019703  6.80498604  17.0912671
  5.34691161  1.98406204  17.3145872
  5.03332373  2.41829705  18.0043144
  6.06031073  2.2730847  16.9014812
  5.27792972  1.8586898  17.2671078
  3.03766867  11.0604812  15.6815984
  2.83525935  10.8668603  16.5087395
  2.40610621  11.2458343  15.1072273
  3.18201295  11.0623368  15.6380978
  18.4817792  7.17797001  4.46859774
  18.0228614  7.88700369  4.24659152
  18.1284767  6.57193412  4.98920017
  18.6221187  7.16003236  4.41650127
  16.2767176  10.1569235  7.5081463
  16.0315989  10.7546353  8.09575036
  17.0371109  10.2421284  7.08663572
  16.1877073  10.0385741  7.47983426
  3.79821068  18.4386059  4.58577799
  3.16393548  18.712271  5.12002827
  4.11251218  18.9713263  3.9688886
  3.85381293  18.2992378  4.60047209
  8.19216707  5.48750746  17.3843354
  8.09075698  4.62159206  17.3340608
  7.53670102  5.99024058  17.6685055
  8.32331161  5.55018237  17.3442854
  4.13576668  14.5639849  13.0715758
  3.69621611  14.6255038  12.3194909
  4.32817502  15.2839066  13.5274494
  4.17806404  14.4287002  13.1229565
  4.21091312  14.7294257  8.5139287
  3.70767578  14.1972879  8.03832116
  5.05740324  14.8228189  8.31934917
  4.15131317  14.8056357  8.62956118
  12.8750589  6.88305144  2.08895471
  13.3391109  6.267196  2.49883126
  12.0165109  6.77722186  1.96719898
  12.9433315  7.00807373  2.03956573
  15.4281609  15.808117  1.20822701
  15.5496002  14.9954836  1.50403147
  14.7254472  16.2645083  1.45526818
  15.5290302  15.8698136  1.114686
  16.6251978  13.2729319  6.35879869
  16.5317999  13.9090837  6.94973762
  17.4083495  13.1130675  6.00631364
  16.5058897  13.1902914  6.31796838
  4.03125191  10.3299744  18.1600389
  3.74705365  11.1330423  18.352222
  4.77473513  10.0324562  18.5091015
  3.95146912  10.2424305  18.0667556
  0.465809834  1.28139802  9.40876723
  0.300153921  0.425921297  9.35098621
  1.29055348  1.56935178  9.41185806
  0.35169494  1.37952056  9.41775372
  4.37682679  6.67499773  14.3113545
  3.75994392  7.2931153  14.3086586
  4.29657925  5.97732674  14.8309162
  4.4971597  6.68863956  14.2215497
  3.49994689  11.5424605  11.5066253
  3.34189993  11.5187914  12.3651601
  3.54796187  10.800065  11.0487252
  3.51850247  11.6750725  11.437338
  3.12453853  1.09148799  9.05267009
  3.37818603  1.32209294  9.85585457
  3.40198743  1.54320196  8.35833185
  3.0330294  0.973142117  9.03392621
  8.752354  8.54959528  14.0176714
  8.82071312  7.75460753  13.6627876
  8.94492342  9.25888221  13.5454871
  8.7067545  8.56432403  14.1606216
  8.60819442  14.7095394  18.0555704
  8.18017064  15.2223649  17.4930524
  9.33166643  14.9992239  18.4502856
  8.55672572  14.5708917  18.0848759
  16.8655512  12.9621728  1.59259735
  16.7378516  12.7383791  2.42700147
  17.6710952  13.1377126  1.30378334
  16.7482645  12.9700341  1.49818853
  10.143817  10.45605  9.000002
  9.634661  11.44992  9.00005
  9.484564  9.413685  8.999948
  11.468933  10.542804  9.000008
  12.048271  9.689706  8.99994
  11.931763  11.459436  9.000054
