           1
       10000           1
  0.550444484283183       0.550084294122922       0.543708120657879     
  0.556065671182181       0.546513827450218       0.542565072252799     
  0.500112186024127       0.494038303305989       0.492729370277247     
   292.583665540211     
   22.1111677315310        22.1111677315310        22.1111677315310     
          90
           1
           9
           1           1           1           1           1           1
           1           1           1           1           1           1
           1           1           1           1           1           1
           1           1           1           1           1           1
           1           1           1           1           1           1
           1           1           1           1           1           1
           1           1           1           1           1           1
           1           1           1           1           1           1
           1           1           1           1           1           1
           1           1           1           1           1           1
           1           1           1           1           1           1
           1           1           1           1           1           1
           1           1           1           1           1           1
           1           1           1           1           1           1
           1           1           1           1           1           1
           1           1           1           1           1           1
           1           1           1           1           1           1
           1           1           1           1           1           1
           1           1           1           1           1           1
           1           1           1           1           1           1
           1           1           1           1           1           1
           1           1           1           1           1           1
           1           1           1           1           1           1
           1           1           1           1           1           1
           1           1           1           1           1           1
           1           1           1           1           1           1
           1           1           1           1           1           1
           1           1           1           1           1           1
           1           1           1           1           1           1
           1           1           1           1           1           1
   16.3769591925648        16.8791676824093        3.80345173238961     
   17.3581534203857        17.7434373523607        4.57974959732532     
   16.5404814459451        18.9045119079593        5.59191287932799     
   17.6814474473879        19.4438495467431        6.03439243525270     
   16.9214915099459        15.9185812706111        3.68601938957087     
   15.4663785690398        16.6976825525132        4.45088765609334     
   16.0493277207323        17.3406109493824        2.88555841450548     
   18.0581112588580        18.2574797654368        3.88483990743011     
   17.9361074151934        17.0280264383648        5.32371739425642     
   12.9559299282136        14.8025858184851        20.7476274411596     
   12.7959630767642        16.2209295018342        20.2448273081368     
   11.0740379885325        16.7517821796337        20.0095523410744     
   11.4699097790250        18.0048573602053        19.8450039504742     
   14.0214524065543        14.5570042495196        20.8736545317900     
   12.5546041050221        14.1205904685195        20.0425033546395     
   12.3806542677128        14.5854546389805        21.6590522485921     
   13.3707500517824        16.3266558302841        19.2223035735961     
   13.2506965705005        16.8999389788842        21.0832850202081     
   19.3496183944505        4.23267043192724        12.9653633451906     
   20.0128851508083        5.07355779306874        11.8806880800118     
   18.6698764086480        5.41035098908461        10.6736463539990     
   19.4140429850665        6.17095553502385        9.85909038246707     
   18.8606713317682        3.35819843989388        12.4972616155025     
   20.1164437804675        3.72217370888668        13.6552238333543     
   18.5733488137490        4.82349949798735        13.5562540616574     
   20.4915499022565        6.03246292222102        12.2635802195797     
   20.8139249582990        4.38909767038041        11.5134308188409     
   13.5038629999093        5.60660849070427        17.8322493630746     
   12.5157437742935        5.92402974909190        18.9668697413851     
   10.7854496469981        5.47963529569323        18.4485408568189     
   10.8323521383554        6.10092595974816        17.3030073076697     
   14.5539740957975        5.78570427224844        18.1407586974757     
   13.4458325196409        6.16978610818884        16.9004077205818     
   13.4470761214064        4.54945524989602        17.6036798511725     
   12.9041184776471        5.43908351466331        19.8801933889519     
   12.6080326866036        6.99304440111611        19.0964429249539     
   4.12957683418465        3.58068820494356        17.4772298890847     
   2.71028909844555        3.49461452096228        16.9181325424548     
   1.64691441253472        2.25383037058377        17.6495111768744     
   1.56228430737778        3.01529869561612        18.7132656319752     
   4.69754734096387        4.32356797925718        16.8930830181790     
   4.08066554257221        3.93944136173213        18.5277958899716     
   4.71015566000632        2.70436070153690        17.3517212385921     
   2.15699191263455        4.41075279225501        16.9574328427435     
   2.81118643178085        3.14883554830333        15.8098981367463     
   15.0406178301840        22.6965630602787        12.8863102517000     
   14.3511548289344        21.8362556620516        11.8454163645022     
   14.0978240064109        20.1408616803673        12.4800711218692     
   13.5322758766811        19.6379677633582        11.3596202274670     
   14.3468524746530        22.7698906075734        13.8014909064587     
   16.0161001921932        22.3088328925516        13.1572883908039     
   15.2538245529109        23.7257688076787        12.5330674918397     
   13.3748545138969        22.3536262802130        11.6142380130140     
   14.9223796318793        21.8018932404477        10.8699288798531     
 -0.663523477982889        18.3494765972240       0.347220637589671     
  0.709085572742719        18.0640077182131      -0.291555935562652     
   1.95775372359810        18.1057928723142        1.09117901488054     
   1.12907170135177        18.6583555807576        1.95022620172549     
  -1.49641987636348        18.5774951706129      -0.374463255883016     
 -0.669406693813732        19.1763302408167        1.11355689293575     
 -0.907312816114700        17.4753435519245       0.944772565065336     
   1.02033174661751        18.7839624854177       -1.13563846480568     
  0.661305715586476        17.0225855154943      -0.727683741547974     
   18.2450941243516        18.9565574788748        16.8968414661258     
   17.2742260769235        19.0341112384006        18.0979644841972     
   18.0445324453540        19.9862832746627        19.4387564710820     
   19.1039584312308        19.2012826236584        19.2640174072328     
   18.1763014970567        19.9881047111541        16.4455383255147     
   17.8993082507935        18.1562177153713        16.2103631531481     
   19.2728751785639        18.8174950479056        17.1422208519181     
   16.2977408185860        19.4620496027516        17.7001508698035     
   17.1493694039300        17.9810472061001        18.4362156163424     
   6.18592222074906        7.05771906562631        17.3122127905201     
   6.76722148506146        6.82955066287244        15.8688404151840     
   5.44068391724647        6.46397459535313        14.6983422395396     
   4.35985317333478        6.96277423847799        15.2784556189381     
   5.43623091728365        7.85333329199580        17.3785906808359     
   5.84494964663588        6.16055139664794        17.8454034092423     
   7.04442201792791        7.45015025353513        17.9300748770144     
   7.53458992909131        6.00700586476221        15.9407561007695     
   7.32469296377060        7.67996326503147        15.4094122505872     
   8.57078644815848        23.1174100258191        5.24030412168936     
   8.22820829077655        21.6344350575430        5.10550834556323     
   9.39904009843913        20.4651652090182        4.44573823852711     
   9.32646680933665        20.9362829414443        3.21226863984445     
   7.83916711359359        23.6541684088454        5.89815887231849     
   9.47569086501154        23.2172936751269        5.79476828589695     
   8.63100033405843        23.5767191417818        4.21183867921381     
   7.96830553432051        21.2862062529032        6.14682216740755     
   7.30273069607346        21.5242694897349        4.55467215917364     
   3.63675534401892        14.8819111926015        5.47970342717188     
   2.84774192975274        15.1617178904006        4.23710416890591     
   3.42063574004276        14.3936647840782        2.64362089629719     
   2.80183166590128        13.2857210430777        2.59139223638168     
   3.80600562587609        13.8726976930875        5.57152781165771     
   4.67622143148910        15.2443766877908        5.42744935716684     
   3.17867217304805        15.2343873260389        6.44045553945798     
   2.81994549282453        16.2702021933637        4.03775822050832     
   1.77027486230115        14.8625684813729        4.42754766989206     
   20.9815645567807        14.1289193157801        2.58949035375034     
   20.5432056720552        14.2786722968885        4.08324606459454     
   19.1787548832095        13.1363732624764        4.56152240047418     
   18.2498356237990        13.8020750174140        3.97673319297702     
   21.8424656693714        14.7541380174113        2.46916653734135     
   20.1091972945697        14.4983251360948        2.00653745347607     
   21.2286411207446        13.0861015415787        2.25965953749304     
   20.3063354033750        15.3682825597551        4.15813362286619     
   21.4518421297043        14.1705634230863        4.66240415331175     
   16.8285184584033        7.28511717438415        1.12739275220360     
   16.0892064453620        6.09476085492058       0.589931683419675     
   14.8295478912258        6.55014252083058      -0.586782929013138     
   14.4228028502941        5.31701962061654      -0.946244070502328     
   17.6249776520237        6.89619189677747        1.86557287868990     
   17.4258804131661        7.87640288753925       0.369429614411155     
   16.2179051177649        8.07884490178121        1.65576085496608     
   16.8716655584059        5.44720251050241      -2.959147524896383E-002
   15.7105191226295        5.50705385242945        1.38524095917673     
   23.2495081139017        17.7699369379327        6.26459883078542     
   22.7182936680569        18.4529297598301        5.03423938362555     
   20.9725838842909        19.0097115833663        5.15358483708697     
   21.1996867693630        19.8343959479616        6.12913973934213     
   22.7210995007082        16.8065800454019        6.47035128996942     
   24.3290909765213        17.5561192564441        6.15298555051490     
   23.1779429154484        18.5272184918003        7.10280207871057     
   22.9311649825979        17.8122268092457        4.20606210247092     
   23.2933564776597        19.4148739954572        4.75233535563316     
   6.60649646968777        12.2124189397898        3.22526343672037     
   8.02024767734610        11.6220334520882        3.20760893678877     
   8.56733603969528        11.1737621229546        4.93938083578572     
   9.85575105883866        11.1324287165510        4.56232109292375     
   6.47861526000238        13.0244065627636        3.96935863678005     
   5.84568185224946        11.4424057361238        3.46421578676170     
   6.38431784153878        12.6034638865206        2.18387513981225     
   8.74894882388193        12.4000561662304        2.92911546331677     
   8.22164466873663        10.7922215299235        2.55718376802535     
   7.56462842717113        14.1250901474684        19.0018944065550     
   8.00052271209650        13.6703130347324        20.3556934554317     
   9.76988605678977        13.1825880309082        20.3817773742464     
   10.4507025386010        14.3304564087105        20.1096784236993     
   8.28196387236655        14.8125578072677        18.5287935183181     
   7.39956175684987        13.2262922088444        18.4093648700699     
   6.58794573671033        14.6143119526648        19.0009625048930     
   7.93134774399027        14.5583092919794        21.0090933830110     
   7.33663105490655        12.8357369750504        20.6901437626256     
   17.0469427268627        14.8495601516411        7.78708554554006     
   18.1419309688223        15.6002739387355        8.63552565163749     
   19.5450888159294        16.0861612150696        7.52516864354074     
   19.2585978769395        15.1255181667394        6.61147434942048     
   16.7308607790832        15.3213412766384        6.82495335819553     
   16.0632416805015        14.8878039612992        8.34593151102258     
   17.3653962014208        13.8255100982282        7.70548235312443     
   18.4585881568421        14.8538683851043        9.42239043747580     
   17.6052240421773        16.4635776094913        9.01522813417125     
   10.5966688198481        5.19877605286766        12.6139442185769     
   9.45258328005543        6.18215099388118        12.9333587098525     
   9.17357521096121        7.31810335083990        11.5809171701300     
   7.98404253704162        7.58020826322777        11.8152941949279     
   11.4704125930755        5.71129798332504        12.1826129746217     
   10.3089466552677        4.47485039217602        11.8686945556335     
   10.8767289645931        4.54097780205312        13.4830279212972     
   9.50585102396527        6.69048792089350        13.9338324353082     
   8.59180591245630        5.50242019865920        12.9814606452827     
   23.4405485940653        9.72134007723305        10.1937744398148     
   22.1733989710960        9.78636130503608        11.0349542715961     
   20.8062047638657        8.68105173708653        10.3866671965020     
   20.7752336003609        9.62346377485894        9.48990654752532     
   24.1199031843537        10.5376791001483        10.5779827300780     
   23.3269889841371        9.90135357976340        9.08966348922323     
   23.9169011333906        8.75881394914783        10.5085405824963     
   21.8756259957140        10.8947915482836        10.9366625969261     
   22.4442313892806        9.61796076648912        12.0392110770178     
   22.0882508465077        6.03104402613570        7.48876967855544     
   21.9562795206993        6.64910459494878        6.10163854994131     
   22.1180210283681        8.45218493182295        6.09354782425743     
   23.4274085643134        8.47717404307060        6.35245598046241     
   23.0628789212714        6.25910717016159        8.06845388784165     
   21.2465834273374        6.36975625571477        8.14297817358305     
   21.9727832690042        4.96827199160849        7.38561444388649     
   22.8104565458524        6.31380456312409        5.45492242117564     
   21.0054795653791        6.18902616272599        5.58887581527184     
   20.0850595893876        4.38214605632793        18.1077838824644     
   20.9766426617522        4.23333252003950        19.3021226392480     
   22.3506753143101        5.46426653654230        19.3182693478522     
   22.8083638628123        5.01260586812219        18.1589184152664     
   19.8118540924147        5.43470967727647        17.8758287621882     
   20.6096950605534        3.90965376254477        17.2640251052091     
   19.1169006784011        3.89523225071030        18.2049836601955     
   21.3502779688050        3.25964471570119        19.5404316144243     
   20.4660141167820        4.57107271033862        20.2101042519352     
   6.92504816518780        2.80818291936346        14.5757426406394     
   5.54217911451248        2.40305183150309        13.9202226814140     
   5.32062678385183       0.593829836684141        13.9524704596505     
   6.43852831249961       0.391382369862556        13.4233371558789     
   6.89200017847450        2.42947372731569        15.5782844480811     
   7.72490988878495        2.43203385442650        13.9722295369301     
   7.10528911401190        3.93402834113104        14.5737539339398     
   4.71777841717511        2.91011524669991        14.4621702548498     
   5.58326320951107        2.69642465063960        12.7636794499321     
   11.8300149282943        13.5797428731221        6.78821527137243     
   13.3153795957049        13.7971499495748        7.22413379919270     
   14.2264183257437        12.2688671963550        7.48636325474588     
   13.1289383186646        11.5521889956947        7.89379260387770     
   11.9086344709690        13.1417161599170        5.76782890404641     
   11.1683944802872        14.4615544607974        6.75884010993822     
   11.2365085074861        12.9335365929085        7.43440122322507     
   13.8804931446832        14.4692735897248        6.58965569671325     
   13.1726214704071        14.4886520459421        8.14298045389642     
  -1.14883042450651        12.2683395357800        17.1505759020692     
  0.217331570324218        12.6175648594800        17.7313742776249     
  0.815374763530850        14.3010485391885        17.4479821254284     
   1.16969122121111        14.1820177725254        16.2136143203225     
  -1.85532866559554        13.1121609209503        17.4990053818467     
  -1.09993056841988        12.2373375534530        16.0316713859868     
  -1.51459138507140        11.2357845180898        17.5369736679633     
  0.932530800732133        11.8569347147690        17.2709887519521     
  0.345735976357217        12.4731611872474        18.8372640410002     
   5.87652179700655        17.9176281481347        19.3911761826225     
   5.60189417646126        17.3857726304186        20.8295885993304     
   7.02621917728294        17.3146301130625        21.9648475892162     
   6.41367678219344        16.8701072956309        23.0493556727180     
   6.60959487103361        17.2366264934841        18.9774608973218     
   6.25830194391834        18.9512311637052        19.3446140504986     
   4.90254331030834        18.0870009040659        18.8818642915194     
   5.12378447376547        16.3627994646611        20.6926077618175     
   4.72076626719808        17.9471978457679        21.2365347978177     
   11.5326942733900        2.77084161664168        9.10910523620627     
   12.7049529144542        2.94734568483497        10.0292820675444     
   13.9575331452915        4.14339501184283        9.53275322805482     
   14.9525945816576        3.45090529248475        10.0571443996242     
   11.3543784241936        3.70947163843474        8.52126959689434     
   11.7255916903101        1.89595133767094        8.42145287095774     
   10.6104651578376        2.60932003528624        9.66671013172432     
   12.2679352933634        3.37745720278520        10.9697687743536     
   13.0861533110824        1.98661349866807        10.3716430862501     
   14.9992027866780        5.42400794780433        12.8057078327680     
   14.7289330329107        5.34124787862747        14.2751188483480     
   15.7654801930273        3.97859554852830        15.0621468019018     
   17.0298839877339        4.36312365015771        14.8906594781294     
   14.8405193524894        4.42022051502055        12.2700679024351     
   15.9668402550897        5.80271491699837        12.4408127372188     
   14.1848393123945        6.12215273905845        12.3736035490987     
   14.7259452341728        6.33250341238490        14.8822585673578     
   13.6335113132012        5.10790236128792        14.5068422657436     
   5.18629358595283        19.0280849294656        2.91934627710757     
   4.62817280479286        18.5362852473398        4.24680357775772     
   5.57360061809574        19.0774461178111        5.63746986001693     
   4.66430784141662        18.7343388277698        6.58796498542281     
   4.62633507249803        18.6237622955130        2.05159910854944     
   6.33987701418794        18.9137274964154        2.91211519563888     
   5.12503238638659        20.1312114392789        2.99426241067180     
   3.56094278321731        18.8873609432556        4.27927209481903     
   4.50498278083099        17.4393988686569        4.30263042429415     
   17.8340271469662        1.43190046347828        16.3947988151239     
   19.2589937482194        1.16736628080325        15.8820079945276     
   20.2216948519402       0.383086937169923        17.0611437992546     
   19.3960407727686      -0.604485556257136        17.4463608964102     
   17.2018595478631        1.94117032991442        15.6222958841387     
   17.3013525793220       0.551164950454932        16.6349023358171     
   17.8475606740089        2.15427002047781        17.2660373937797     
   19.3203614835264       0.564913489317326        14.8830442561885     
   19.6917791893550        2.21690649567793        15.7015393269967     
   17.4043580035113        7.60325854359473        7.09623504053314     
   16.2280471982915        8.38708996439996        6.54657927918196     
   16.4881440145983        9.50171491935710        5.22829297491031     
   17.4125040517323        10.2926559844592        5.80857536432647     
   18.4140693637618        8.16851031379457        7.19299629453987     
   17.1946211513434        7.29903525301781        8.14251682152578     
   17.6237623540688        6.65729196289607        6.51755076571733     
   15.4279851316392        7.65646422494355        6.23917328081132     
   15.6531107954769        8.90938176282106        7.31797343021569     
   16.6473712400893        8.76905636012734        11.1869124808461     
   15.7109650792961        9.97065404471838        11.2214302775139     
   14.2100046357950        9.76457986573353        12.1779402091542     
   14.7005016770519        10.1698818047701        13.3066317184828     
   16.7959736385592        8.26594843160927        12.1621517935247     
   16.2407306945199        7.94058416364311        10.5352245101578     
   17.6501958614025        8.90620712274742        10.7406705504144     
   16.2489655369133        10.8355161423676        11.6136665595711     
   15.5057919363717        10.2342059934441        10.2274604516991     
   9.48581302112070        11.3479363823427        16.0122989709612     
   9.76890716856897        9.82424203974393        16.1002792834081     
   11.3931422360553        9.20035463341433        15.5206778314858     
   11.1404841125059        9.33574821683573        14.2006931147873     
   9.66237538875155        11.7515584000945        14.9860787714513     
   10.0765027771221        11.9231761773305        16.8080051686353     
   8.40908327926734        11.5534138749670        16.2363796469418     
   8.90067362039157        9.33576097329548        15.5886743350964     
   9.73845045496789        9.57488301276238        17.1465424937730     
   20.3003107649011        18.5636488064299        13.9722071872327     
   20.1390379326595        19.6545910460905        12.9410612481373     
   18.6835566295614        20.7450547814453        13.1336496376319     
   17.8856008553622        19.7863306427212        13.5069114734510     
   20.2862981272241        18.9286774150093        15.0803605253115     
   19.5422869223885        17.8331405983734        13.9106493992808     
   21.2501913341714        18.0867218554255        13.8046275471301     
   20.0698796652222        19.1036328330214        11.9242979206749     
   21.0745381189920        20.2018635754609        12.7849855369079     
   9.42148837644251        22.1043599614046       0.923275529473392     
   9.12606277943542        20.6490329269291       0.514835022996395     
   10.6366217848704        19.6624118659474       0.559220471681564     
   10.2460626996490        18.8256836753649      -0.380448479389654     
   10.3426332192195        22.5381679165715       0.361572686718464     
   9.60013033304195        22.1071185316993        1.98619635202666     
   8.69415411031431        22.8575459233399       0.670881618786459     
   8.78041075770803        20.5475323122274      -0.532964153406314     
   8.32732257216744        20.1940583355155        1.12696436564320     
   3.42772579263740        18.9225221676166        13.8851733087674     
   4.30409992222575        18.6117716545891        15.0861214882793     
   4.29689872386160        20.0583884562805        16.1593116243747     
   3.94893109452812        20.9916048055069        15.2835957895440     
   3.81853096889109        19.8076457723956        13.2954659522308     
   2.38240596464903        19.1780449526147        14.1596671844545     
   3.46217857134984        17.9996619438563        13.2568587401601     
   5.38618290413471        18.3908796145906        14.7991284816188     
   4.00539696692417        17.7093728394068        15.5920277085366     
   3.86000600867066        4.65745425768018        5.45352198147202     
   3.89109839195115        4.00859694791143        6.85371988087850     
   2.52330123122707        2.94573442174858        7.09024442249970     
   2.76911791630009        2.70178715676300        8.39427299665783     
   2.82415343451000        4.99022156824681        5.19403702088654     
   4.07575466850155        3.97213030709947        4.66074725099503     
   4.46157633134902        5.57513916770339        5.39961268066708     
   3.85405982133030        4.81232622418238        7.64108812806153     
   4.82580798705777        3.47361612458557        7.10875562308376     
  2.160078068481283E-002   1.39309634574805        12.0545273240647     
  0.225813269913299        1.39769852431207        13.6056425025071     
   1.20048778443240       4.097271401893332E-003   14.1988704490523     
   1.24563367261620       0.493702310494946        15.4480831038799     
 -0.280681612201936        2.38485315701266        11.5387964229392     
  0.969492387838289        1.05211155513511        11.6075404764083     
 -0.740398265906706       0.672059626625549        11.7916573381048     
 -0.628205216832590        1.47364588017965        14.2064158129925     
  0.806283571497770        2.27344877192770        13.8578601373336     
   13.0117843773853        8.77246076052795        8.71766350106834     
   11.5142212652945        8.73955240786943        8.57693211745076     
   10.7072465241096        10.3740939567073        8.32650285726715     
   9.54710069192218        10.0316710049375        8.91133492095207     
   13.5197512753569        9.24097615875215        7.86202552882649     
   13.3701077349085        9.44653171371013        9.56440691309996     
   13.4379129517527        7.73019621822663        8.50695964524700     
   11.1926765309433        8.40426092267086        9.62293446784799     
   11.1920223063970        7.96657779229377        7.84044053010603     
   13.3693225374413        12.1028172565190        18.2778411534913     
   14.5248641983827        11.1922155979636        17.8180833918371     
   15.0023918026151        11.4489493665461        16.1329371335199     
   14.2625289900607        10.4761725384822        15.5955525372731     
   12.4641363993861        11.8812900297201        17.7299885952029     
   13.6396045150216        13.1606113376970        18.0907427458609     
   13.3056871448093        12.0628822665684        19.3648946929166     
   14.2097296748603        10.1629155248424        18.0183088871145     
   15.3827531743823        11.3697799000689        18.4566089259929     
   19.4020581346464        1.13376691023069        21.2253605226742     
   20.7254395416847        1.47860801468323        21.8801010371211     
   22.1195476253985       0.903692433609373        20.8781522331150     
   21.6232572528273      -0.322720503407700        20.7741130015431     
   19.2943498414127       3.365422534472912E-003   21.3725451793237     
   18.5244705493828        1.61378249833189        21.7054661517760     
   19.3853118260586        1.26586538158751        20.1111124310614     
   20.8748740183151        2.57511180296231        22.0861738560066     
   20.7222485808863        1.07579462062584        22.8656233523362     
 -0.136190435376860      -0.257957535198120        3.13824484237277     
  0.921694327583667       0.839649156155838        2.78215821860524     
  0.698838513849976        2.51562151251333        3.46933060461165     
  0.711443130724984        2.19402969787198        4.81453217240376     
  0.170400770766229       -1.25803151808198        2.75144570021532     
 -0.237851453665480      -0.308729663211035        4.24109071530780     
  -1.11331268934944       1.276089900614904E-002   2.66096215594895     
   1.91791617062324       0.503754694955469        3.13862412234209     
   1.02724382345650       0.984947156493022        1.65361264801099     
   13.1698367423278        10.3017141589051        3.63996147378839     
   12.7875422902365        8.98348215262157        4.29349882123084     
   11.1543296063803        8.42911166032387        3.70173762101299     
   11.5901468280761        8.61366660644393        2.51094935452895     
   12.3782636841195        11.0684867710913        3.66655873095898     
   13.3255573629838        10.1813516612597        2.55391787044326     
   14.1002460528000        10.6627000776632        4.15685451676467     
   12.5348534793936        9.13814153214843        5.39092198001242     
   13.5735868855037        8.20761852305881        4.14890923528868     
   18.2225895006436        1.35697839445636        9.87428034207047     
   18.1854873672745        1.63377112378161        8.35978486735014     
   17.3309194402637        3.11536207121969        7.87157184204129     
   16.0974100159042        2.77009894606932        8.27833688091342     
   18.3620527068965       0.255899771304753        10.0397994487001     
   19.0926026376000        1.89517847080004        10.3998683814260     
   17.2007015258284        1.69943644637875        10.2078418198936     
   19.2450976746825        1.71147428330339        7.96734653896801     
   17.7582817601489       0.769078992205687        7.87618747010947     
   17.1921408388771        11.5044943416792       0.390644324343673     
   16.8563937618958        11.5805328729770        1.81152852168957     
   16.1815200941645        13.1781319922944        2.36482919473808     
   15.0802133669084        12.9639036135649        1.70572526801171     
   17.8209715282902        10.6562315984225       4.400758113682079E-002
   17.7837749037314        12.4332970122909       0.143396280125019     
   16.2293409882658        11.4758320698200      -0.148656603477926     
   16.1034164374858        10.8085223519646        2.10449901573708     
   17.7654342937044        11.4341354857157        2.46859135842678     
   17.8179652695691        2.13982601325779        3.01745973736469     
   17.9177482557927        1.07436412899492        4.10290868917994     
   19.4153351729385       0.943414338066566        5.12996528744262     
   19.5539503321369        2.28375719612793        5.11218039021512     
   17.8341245917945        3.17111078395780        3.46815365611683     
   18.6075680103339        1.96078850520108        2.26198766605622     
   16.9028160890984        1.95647430816592        2.46680445403405     
   17.1452614461070        1.30470061769404        4.86305864246951     
   17.6363876068286       7.120466204466687E-002   3.68587276045863     
   18.1987510120260        9.89817364352560        18.4570331875550     
   17.9006885462126        8.43056836481863        18.9254469011749     
   16.2537537915488        7.93058154337989        18.2873940606440     
   16.0525443381104        7.00381926035363        19.1990835894971     
   18.1052976184618        10.1229287865220        17.3668400103434     
   19.2458526418268        10.0662469983957        18.7823046975025     
   17.5875925598030        10.5943653932459        19.0939636743895     
   18.0731611186245        8.34944037435995        20.0434773348007     
   18.6489860539484        7.75962719328821        18.4942304533795     
   2.80414894533335        9.18330285219125        2.61390088011410     
   3.06917508232773        10.5990723102219        3.07735670758427     
   1.53949050692464        11.3433758999680        3.65830363307762     
   1.83154277117774        12.6453418714272        3.55312844515851     
   3.71437623078003        8.67404156805171        2.38040629273428     
   2.39967556242804        8.51227422524870        3.36356898051328     
   2.12058801177380        9.14729325386486        1.70406670090377     
   3.41666901673992        11.2465309084613        2.18065680584184     
   3.93227032892710        10.8111746266933        3.75982994410685     
   5.40956557763371        2.80606772634648        2.43579987784429     
   4.85151100268265        1.39429801055999        2.72121276935833     
   4.65333775051279        1.06568093137316        4.53928488540456     
   3.79899156685356        2.02849621331935        4.68087703087153     
   6.32380343949928        2.98335799263822        2.99005071502695     
   5.69875094222421        2.88615678221544        1.36993513913358     
   4.73617972760181        3.64134611281929        2.68442915743747     
   5.54657443248781       0.712548140336026        2.19718618509143     
   3.90571517676977        1.33253648138085        2.16649701507490     
   8.37468599039342        3.26848392421334        21.2837956511879     
   8.55352366134449        2.19828526727413        20.1703673279570     
   7.20736196794862        2.19300116734072        18.9503592076947     
   7.14041879602671        3.51150365837945        18.7887909135019     
   8.27150441411232        4.27349375937704        20.8446811542349     
   7.42969238835050        2.97630532649909        21.8245505457103     
   9.22973477517119        3.18947368240424        21.9507071232107     
   8.80086869522838        1.26703417889161        20.6600221443508     
   9.49367236504479        2.51737855358257        19.6973020054677     
   18.3629036257869        19.8094759335002        9.24134636002946     
   17.0972987816197        19.5518717417532        10.0324844107523     
   15.8541999298158        18.5958871585973        9.07724298655308     
   16.1885094883267        18.9774238124250        7.87721489221196     
   18.6922076464023        18.8449109934612        8.87208641531354     
   18.1268105788108        20.4197573425695        8.28634247617029     
   19.1131024999752        20.2790517841551        9.93832564839288     
   16.6372586109758        20.4976141404055        10.3949149080996     
   17.3935519937782        18.8952316561386        10.8674534195932     
   7.30155163523768        12.8739446248915        7.63563307539066     
   6.29392936415310        12.8136933070524        8.80327078403136     
   4.51498081552980        13.1632060761321        8.33834572473346     
   4.13723518835407        13.7970020243055        9.43509527536251     
   8.31899558216098        12.4152092609176        7.88101114985166     
   7.02226633177021        12.2846692850441        6.70252316165317     
   7.40562382750299        13.9436519416494        7.30446005577304     
   6.21426066974050        11.8081796258666        9.25205505213984     
   6.62346104505114        13.4998269146117        9.57548228059948     
   8.90730754885579        4.71786793184707        2.67698816956381     
   8.22075050912605        5.97733599612882        3.40930674040809     
   6.48992444358668        6.27267153562026        2.76987234920086     
   5.98961371465740        7.04335735515373        3.74613622961858     
   8.80817878489730        3.78731105040479        3.33435787977530     
   8.47084455799729        4.49897519226208        1.71222918363110     
   9.98535565762985        4.92915446336652        2.63760756547202     
   8.19600595339637        5.62469647900046        4.47237133927511     
   8.81405772327253        6.94476648313484        3.30191645631190     
   1.85144498163394        5.27930322822067        11.2912093160774     
   2.24427752213517        5.43319595999162        12.8016704412606     
   1.39093923580428        6.81550532039242        13.5743748763357     
   2.05360292751209        7.83685461496780        12.9679602107126     
   2.36025150991732        6.01461557524772        10.6375186916206     
  0.736068677865738        5.48862026504438        11.2200595357961     
   2.02468980422146        4.24369900689513        11.0097955528738     
   1.76387438641912        4.51487961735350        13.2146520725499     
   3.30817937889766        5.49404957576340        12.9895122001753     
   6.27512264741530        8.65983674514537        8.45857255166682     
   5.70170832081932        7.80594901326320        7.35585520371211     
   5.00342797139244        8.75346603676299        5.98719698902610     
   6.09605139928053        9.50795381601265        5.78770255680956     
   7.14405929462497        9.26122669601796        8.06339868512346     
   6.68739673789750        8.09704247513141        9.34410653715944     
   5.50717279942872        9.42993010948189        8.79050112918871     
   6.50179965265932        7.16683505397826        6.94036523738635     
   4.98702919506884        7.13287422038263        7.77883013672018     
   6.25405277303401        9.52155448017846        13.4372193198963     
   5.29126589950172        9.88210753521930        12.2438793317732     
   4.26452373241774        8.43291406177497        11.9530287580790     
   5.17859624959039        7.53209036202513        11.5885783510920     
   5.78719030314494        9.08348061307503        14.3060339225808     
   6.83613530533793        10.3808086793139        13.7883438427703     
   6.99404410723835        8.70831838424737        13.1023281087882     
   4.68042098186626        10.6991922761978        12.6243963755528     
   5.86247848772977        10.2067712848646        11.3276073025199     
 -6.883401726966111E-002   20.6540202837487        9.38267456975089     
  0.548972736408958        21.9165351027236        8.75036657514837     
  0.221389404459664        22.0533242643832        7.01988429018688     
  0.521068520934832        23.3346394536166        6.86145495256855     
  -1.00579829331756        20.3939684910759        8.90486243616729     
  0.667118811013311        19.7857836953322        9.36392558123820     
 -0.225144113271713        20.8001659798291        10.4725249894618     
   1.72417232590463        21.7995433095690        8.99124706393473     
  7.915657915071088E-002   22.8584107917509        9.18545518232618     
   1.24627370841771        19.7168114117040        18.5465438892479     
  0.918157755742519        18.3491693378274        18.1503728774527     
  0.435812078331942        18.1706428605156        16.3931652761711     
  0.393015633960846        16.8615672643463        16.3356370470704     
  0.239112713588642        20.2185789946909        18.5808936609752     
   1.80535441951463        19.8032245118390        19.5128971751881     
   1.95360381262326        20.1366192895897        17.8377636372305     
  9.619865427110215E-002   18.0119070051801        18.8449626838163     
   1.78958439387991        17.6992384734192        18.3715201030261     
   16.7312183332004        15.6904860856988        21.0281190245756     
   17.3137501214520        14.7892483119800        19.9052180915080     
   16.4625318461691        14.9513135423446        18.3384859798116     
   15.2691252341004        14.6646422224195        18.7151048835283     
   16.6715768759540        16.7419542706928        20.6695859527567     
   15.6757270655743        15.5057013122691        21.3113870258463     
   17.2927180846168        15.7028066364682        22.0342806084760     
   18.3707425612212        15.0219538736566        19.7467305297977     
   17.3015002024946        13.7307191920874        20.2063645270580     
   10.8327805972763        21.0765853903866        9.68338046001937     
   9.92233286642556        20.7520081743414        8.47397893920624     
   8.36121078423655        19.9677839327101        8.90649094393417     
   8.87895265688110        18.7776890733582        9.02202557865436     
   11.8550743063988        21.3896446112457        9.42655148428683     
   10.3439475267019        21.8427141376177        10.3465582934725     
   10.9504306851088        20.1595679598130        10.2569926866753     
   9.77280207128353        21.6992753331661        7.84510251906988     
   10.5818100646173        19.8988423083851        7.86785834747037     
   12.3789911327332        2.11324032422138        2.29804936822356     
   12.9012824326269        2.46708681242963       0.969259854372848     
   12.0385890585959        3.89247883348024       0.347849717076211     
   13.1686581362830        4.56266958871985       0.345375843001270     
   11.2773979275150        2.13531600942152        2.16067597748484     
   12.6854510587008        2.78937624164809        3.10628274557568     
   12.6012925047488        1.08249921915728        2.54203073667857     
   13.9942223997319        2.77904284703135        1.12099442001342     
   12.7711166440493        1.64535798488105       0.236596186197913     
   4.87722436693388        10.8376227900644        21.4035023201919     
   4.58464766876172        12.2870298785012        21.7974623816729     
   3.80099847934723        13.3531986947523        20.5653035809693     
   4.78263856830580        13.3691556293174        19.6367824145292     
   5.85599668846105        10.7931062889974        20.8064932982899     
   4.88966868849985        10.0620607988672        22.2151168471813     
   4.13692030897416        10.5975089637793        20.6469079075337     
   3.80305224867918        12.2139642809928        22.5860261485695     
   5.46533716986761        12.7948969579005        22.1514885610218     
   2.71264103292407        5.12842572196569        22.2216062779111     
   3.86178606674109        5.85999525084392        21.4902481391736     
   3.39360979091945        6.99923797034395        20.1546953280899     
   2.77221043025942        6.10107191609868        19.4207205460421     
   3.18150821949463        4.31444834694534        22.8680282607810     
   1.96452464413245        4.69994742559658        21.5098709335277     
   2.13949513353384        5.77163520702126        22.9003465926776     
   4.58736448336043        5.09415897913421        21.1029623883668     
   4.34476575778263        6.45119739494062        22.3491375465842     
   7.28423948824022        6.98620836584803        21.2072971814678     
   8.40371146723856        7.68288462624685        21.9827285149632     
   8.41553246860706        9.53980525800323        21.7220795766926     
   9.16966360634376        9.32378713075462        20.5823874516517     
   7.50257818953469        6.95559564606894        20.1183762277058     
   6.99493652850052        5.97039384715292        21.5845559531489     
   6.36192112760086        7.58541109088107        21.3947503611372     
   9.36906113886260        7.29725758800426        21.7073437845774     
   8.32861810809027        7.53634706015799        23.0526743511980     
   13.0200923146525        22.6279770247276        5.75214954087637     
   13.4719741490005        21.2596585426953        6.31021342033796     
   14.2321676474913        21.3539220074877        7.87483773783805     
   14.9785946235469        20.1859634540242        7.66948089366580     
   12.5331622301062        23.2616473084792        6.45992560808823     
   13.9601868106553        23.1430616259060        5.40496536526314     
   12.4373060327581        22.5401043141606        4.84514040574697     
   12.6505149452743        20.4696925717443        6.19923677870022     
   14.2575566495045        20.8414671204656        5.57625668077769     
   14.5794150890115        13.7792826370430        12.2614715074761     
   14.1131240057203        14.9741729609896        11.3985288407865     
   15.0400155537942        16.5812696435665        11.7839032003659     
   16.0824581067035        15.8543114366438        11.7708701404571     
   13.9728760590322        12.9006771666250        12.0139502346541     
   14.3447789546604        14.0281822841168        13.3230889158262     
   15.6008748761168        13.5661587609590        12.0363109702344     
   12.9956254467247        14.9928660664225        11.6363876251622     
   14.0150151762823        14.7419845935591        10.3406764792738     
   20.7062052080393        11.6303298130094        21.2508191521586     
   22.0682025000867        11.0217962860099        21.6711086963183     
   22.2253139974545        9.33815240873906        21.0785105752278     
   21.0905687492441        8.99750064857480        21.6438592120193     
   20.6696700210056        12.7221910340119        21.3928229279267     
   19.9399134638016        11.2410412969319        21.9800979486921     
   20.4215257711122        11.5242284876000        20.2642383578516     
   22.9918248227642        11.5578448494332        21.3246179493229     
   22.1393194424737        11.1050106793878        22.7992222079750     
   8.85133801266932        20.9782163644584        18.5076197232572     
   10.2106384471646        20.5395561784910        19.0945735079750     
   11.4666212785594        20.4907481561978        17.8613741613682     
   12.4467043750178        19.9526391962645        18.5396625818517     
   8.00479287521291        21.1112954183843        19.2564502446872     
   8.46961492952374        20.2397788056378        17.7402798364843     
   8.88343909365228        21.9552906782900        17.9643385364484     
   10.6061345180679        21.2172959092916        19.8883417834351     
   10.1728002775696        19.6054043277649        19.6101064441403     
   4.98267809041609      -0.537894602711595        8.19006378790216     
   5.20434538275739      -1.619613672874307E-002   9.60627198274043     
   4.70557793062910        1.66268476110295        9.87127894950489     
   3.87799079703005        1.66257894793930        10.9035379934837     
   5.87461047624349      -0.227975363760370        7.55920563804794     
   4.83439897259754       -1.60908059380487        8.20265634624797     
   4.06662559865368      -0.116181289939417        7.65865416243042     
   4.58767811664670      -0.621626931567431        10.3019429326337     
   6.28460769652075      -0.215558714146578        9.87694694429219     
   12.2999768138724        9.33911933703084        21.2382281778053     
   13.5941186291596        9.75061512780879        21.9885746371978     
   13.5753304221660        11.5601399824900        22.2708580284480     
   12.7496817401761        11.8089141539408        21.2954695579502     
   12.2364882076301        9.86528305590855        20.2213652567590     
   12.2655790317297        8.19530251884308        21.1467304639081     
   11.4641292117943        9.64237029896911        21.8054837159713     
   14.4128717218365        9.53843639659804        21.3333835456496     
   13.8790079046333        9.26620835767009        22.9169942917006     
   12.3580151133593        15.6606357561298        15.5756800330965     
   12.4590391265915        17.0836411299865        15.0899445513342     
   14.0412559461693        17.7676088724614        15.7054565920598     
   14.7270825072300        17.8731469078042        14.5611461817724     
   12.1915782121124        15.6866285425701        16.7011552844660     
   11.4798205627440        15.1692965933289        15.0305067628328     
   13.3091393370696        15.1156681080767        15.3567843749118     
   12.5240834257552        17.1217379757876        13.9141841224443     
   11.5788073280054        17.6641695027260        15.3202415108882     
   13.8208175761173        1.75015681161262        19.0861443022473     
   15.3186838894393        1.98140546533743        19.1897340201358     
   15.9063048792240        3.05315485828428        20.5385007290492     
   15.5124056539786        2.23383787271193        21.5046668620974     
   13.6238472403960       0.979467356808406        18.2597317477682     
   13.2730070235965        2.65825357408572        18.8455431347334     
   13.3834597300412        1.30756583923350        19.9660359625575     
   15.6992281721256        2.33668888493450        18.1388600026434     
   15.8526209221687        1.02203030776273        19.3629115808425     
   15.3553844395176        4.85527480772307        5.12973679349640     
   13.8930528511437        4.59865278906317        4.77731335989034     
   12.6505594570505        5.63891283435741        5.61609837743151     
   12.3228836865154        6.17613204609349        4.49556834372464     
   15.6728327432458        4.99153628762043        6.22211590584763     
   15.9662767417444        3.98761649522173        4.83484151171429     
   15.7607349472261        5.80642136914079        4.59353804910862     
   13.7581586272164        4.68504842722461        3.70636098817594     
   13.6989402370132        3.57598121788609        5.07909455424388     
   21.0476023537403        6.52261918018448       0.679305396788507     
   20.9072924925863        7.19813528335409        2.02704053905564     
   20.3315797664120        8.93869942449883        1.88415039263870     
   20.4073345885148        9.31452404592578        3.13046128355315     
   20.1060260708225        6.68060999372175       1.440461303913915E-002
   21.9203803666930        6.90720392948134       7.827583198825444E-002
   21.1664432637484        5.42559935119813       0.775152371458857     
   20.2900860929142        6.61623587908927        2.70997520044409     
   21.9570569306136        7.15364209244106        2.48440809786112     
   8.97341289672301        16.7542699328619        3.21363416612496     
   8.91286609804163        16.6486717054155        4.74984343736874     
   10.3946439681397        17.2931995661904        5.69075854375199     
   10.0757600138584        18.5638439822634        5.69218269405036     
   9.70114045521507        16.0573207230075        2.80225303308522     
   7.96865743871777        16.6066214229733        2.73987470662350     
   9.34140348760860        17.8232137379833        3.05184971267503     
   7.98863138222136        17.2199638374323        5.16389207519745     
   8.75054425919181        15.5222786959799        4.91342846565308     
   7.32470643224617        3.98901310710005        8.56386817526362     
   7.33104635725679        4.67275674219554        9.96090053809331     
   5.79210345872529        5.32526977094887        10.7095856182430     
   5.11230492459890        4.16685077762775        10.6923185666212     
   6.67037473780865        3.16532539013605        8.48784804033067     
   8.34286647622689        3.66831417164614        8.40141155004588     
   7.01251732357981        4.75214705188467        7.77980377506617     
   8.02244146400991        5.62444516791587        9.80060968517308     
   7.82919129462968        4.03534082906078        10.6960651088041     
   9.55456782421056        15.4682309326009        10.4063618997884     
   9.89835689771233        16.8064016644173        9.65601146994757     
   11.6534160066772        16.9983828212392        9.19365397798400     
   12.2913159285926        16.5052445921276        10.2878855724653     
   9.83098631606444        14.6622088246409        9.73286479046869     
   10.0013772144675        15.3149558380423        11.3575790876671     
   8.44462256683174        15.4648716684190        10.5072668216460     
   9.27820200174385        16.9282906370593        8.75775900190673     
   9.73757601233467        17.6067684779284        10.3531835132409     
  0.185829978358915        14.2167804710200        13.8039862976381     
   1.65786109024350        13.8695233445628        13.6211867472416     
   1.73738066597602        12.1818536502701        13.1551266655229     
  0.399571201389550        12.0571470015667        12.9673380563440     
 -0.238413229343350        13.4455901642507        14.5207883430921     
  2.326196767692479E-002   15.1637803140534        14.3173156295971     
 -0.335434437245318        14.1544896746958        12.8186872188220     
   2.13555752512165        13.9444061730734        14.6290461877447     
   2.21621216699630        14.5584942672713        13.0044702317335     
   4.80799141763776        14.9872406812937        16.4628687527417     
   5.60840439852444        15.1917660956965        15.1139395065678     
   6.65861305986212        13.7297883061648        14.6736351753617     
   7.52396474521017        14.3550020657024        13.8053875454453     
   3.92334040517953        15.6020233836519        16.5003665309902     
   5.43606373022687        15.3169447535907        17.2793570528383     
   4.66512387611330        13.8731681336573        16.6744531313680     
   6.21595487815775        16.1253644046730        15.1539981512284     
   4.89144425698135        15.4076511797288        14.2910554754468     
   5.41389929159650        10.9456667370983        17.5696989675432     
   3.90461075122510        10.6166107141117        17.6768339968538     
   3.25272448082292        10.2670334533321        16.0211755938690     
   3.12722721972745        11.4728040584913        15.5349804414949     
   5.72308350214197        11.1007116602450        18.6275693143765     
   5.65172561474453        11.9206119182504        17.0401377124557     
   5.87311295274229        9.98259778737824        17.0749302056296     
   3.35372910718073        11.4254492886124        18.2590139680482     
   3.75641458759276        9.74243569489334        18.2987545063062     
   20.6775154456353        12.3997013255969        7.66468565441593     
   19.4315130589845        11.7118851155124        8.24506359144813     
   19.0614449474233        12.3109752534529        10.0173687404117     
   17.8266721367195        11.9499158090378        10.0176666461253     
   21.0810587093574        11.8334640786767        6.73821799974853     
   21.5283007962150        12.3984671703584        8.40682848386577     
   20.5652529265694        13.4091609332216        7.34095774537052     
   19.5656055559718        10.6345287650478        8.13493700628011     
   18.5813011600442        12.0233878426423        7.63500698783927     
   19.1417560243980        15.2281325683450        15.4632222847638     
   18.2327107504821        14.3368736930270        14.6005794043302     
   16.4622220828701        14.8393182796173        14.7490095584618     
   15.9507473600309        13.6206485441437        14.4896662588530     
   18.6934870787553        16.2391465349696        15.4738546780104     
   19.0224093166051        14.9509867235192        16.5351843920675     
   20.1787760121665        15.1005070570878        15.2258421522927     
   18.4860849275850        14.4031424667821        13.4996965462713     
   18.3914036105025        13.3029630722324        14.9260285512008     
   8.76542208443106        12.0707691252277        11.9196736469037     
   10.1201003535302        11.3477327252524        12.2268314174552     
   11.3722701462494        12.3474863300601        13.1625728021782     
   12.2925153691266        11.4314596801919        12.9891172066964     
   7.96425411355073        11.3155852861959        11.6160319562632     
   8.36804752491710        12.4090759376498        12.9211281989995     
   8.82771244388798        12.8869598170569        11.2001485661438     
   10.5241416197363        11.0215600060892        11.2401672443258     
   9.93703118854579        10.3273659807668        12.7382827769843     
   8.12730035506439        20.8683986621780        14.4155457875321     
   8.97654695676671        19.6020091470094        14.5588625961889     
   10.1180789757606        19.3652931516080        13.1390727753045     
   9.10365034396187        19.1392579763118        12.3476624658441     
   8.83266279425961        21.7298292151567        14.5198846219429     
   7.70072708895519        20.9571111098860        13.3296453170861     
   7.20317588720489        20.7652706733212        15.1101994658916     
   9.55859010518079        19.5648254106420        15.5482011247203     
   8.22892830718090        18.7763100435705        14.5421307246462     
   15.9353960551669        21.2561065372313       0.764503826289136     
   14.9596082507720        20.1955371204187        1.14327955398410     
   13.8764611040967        20.5283287349486        2.58981730450748     
   12.7826173172498        20.7566646427317        1.92067322605586     
   16.5447433581181        20.8092114735169      -0.145002022035928     
   15.4615260512408        22.1628467455687       0.323055646289795     
   16.6604478879654        21.5972964467645        1.61554051078760     
   15.5390175650514        19.2803335141555        1.40511347956139     
   14.4123188156735        19.8841973640029       0.204428095310115     
   20.6855470609558        8.84521560297370        15.8508028155993     
   19.9761461503001        7.59787332621239        15.2140972295776     
   18.4708553000866        8.12281624145890        14.4795404058844     
   17.9113307914860        8.25017026323476        15.6653890127542     
   21.6169460727706        8.45668604308165        16.4264887220548     
   19.9038993006079        9.28250032719466        16.5874178436264     
   20.9155625958473        9.62706123924639        15.0767932755575     
   20.6289402945669        7.06841734465222        14.5116681948412     
   19.6291175807670        6.84909306301104        15.9802055132255     
   10.9770587675834        2.50697985500802        16.3241639640977     
   11.9106759986005        2.42962599830795        15.1075956515940     
   11.1496099752936        1.83851161226852        13.5824508031215     
   11.2373615932389       0.580936831024937        14.0346189859816     
   10.5339087526738        1.58335436142495        16.6653666976477     
   10.1656243823166        3.18124647178604        16.0952108905372     
   11.4826824572812        2.82795431271179        17.2646992416527     
   12.8081168635872        1.67438587822053        15.3597668973950     
   12.4898321703700        3.38782257039873        14.9191058395096     
   6.57094502963209        16.7425736439163        8.16976139640660     
   5.59589153580403        17.0357658390662        9.29216215041133     
   6.35476026374082        17.7844556162029        10.7769932280597     
   6.25076710416176        18.9481163241713        10.2328342473546     
   7.25389221897834        15.8850154954660        8.51650653270077     
   7.29585747920817        17.6344547583300        7.98603374942826     
   6.14135267323874        16.5212354111954        7.22319386568132     
   5.01922193925612        16.1800066428681        9.56615883636974     
   4.92439371746133        17.7040656805142        8.76201135330732     
   3.71834415525541        22.1164888636243        20.1210364319077     
   3.96945571627821        21.1196024190119        21.2705101461805     
   5.66809796425390        21.2428630302025        21.9312819875059     
   5.77879209536855        19.9631958756936        22.0852022318958     
   2.64608504764537        22.0544765853634        19.8680591626532     
   4.34085570124370        21.9690320031677        19.2295091020646     
   3.83883146975137        23.1953330148636        20.4366810631266     
   3.65409560407566        20.1109070471870        20.8572080388586     
   3.11847505249801        21.1880766370703        21.9789343144234     
  -1.05850295455445        16.8606728215931        10.7828429243648     
  4.226127171026921E-002   16.0574936090381        10.0736331105666     
   1.69923770827789        16.8163817586753        10.2482749539960     
   1.61031888961925        17.7404437452634        9.37022695824369     
 -0.848494140446529        18.0249749174706        10.7128912419068     
  -2.09226518114729        16.6407592334793        10.4466407431703     
  -1.04237478548655        16.6642884825526        11.9254154261919     
  0.103377815561382        15.0451181119351        10.5378170394140     
 -0.235186358152271        15.9014835327532        8.99562789628782     
   12.7804345437276        16.6070705496851        2.85684952568121     
   13.1188294903875        15.1294374731890        3.14301313549329     
   11.7452854823685        14.0232278612493        2.84673180153208     
   10.8376831552572        14.6534300754174        3.53163057338489     
   13.5813049479404        17.3346203219056        2.78824191454515     
   12.2337930436175        16.6158036427027        1.91851919214160     
   12.1782016414518        17.0223550244501        3.64255267749853     
   13.9505086874934        14.8637405842962        2.46844300815281     
   13.5062036852495        15.0456033139451        4.15380848242648     
